-247 72.892 kRT 270.258
-239 -106.514 fSTwm0ea 263.174
-219 -15.3473 FwnDvoqqSqsvetG7 519.439
-219 -15.2869 TvrFIe -23.3066
-218 27.7986 5R7lK9VjYKelwSq3SWfEgq -1.06452
-218 27.7986 BihngtPr8x5f8sZLgFK 225.653
-213 -100.17 0NkSaZocBW 614.04
-212 35.6301 Vi -37.9645
-209 27.9139 N 420.724
-203 -114.443 IftKfv1fSDjfUm1mbcdG 122.74
-203 -114.443 MsIb 239.682
-197 -125.107 uKnhFjQZMpCnMc54s9F3 -135.584
-197 -114.781 hFpsqMxI -41.6506
-195 50.3127 SXjfH7M7JjzdrUjLbt 99.2386
-188 -100.985 R6utQZeYBTdRI 452.245
-188 -11.8656 PDtUbPT 541.138
-180 -99.4234 7 798.106
-177 -122.892 fdpTrvN7wHbTdty 353.697
-169 30.0205 3z7DnvNUDgzjF 333.063
-167 91.2921 RIO9BqbZxcwLobbs8Fssy8H5NgPh0FhUwHewxs 7.08637
-165 -42.8075 y0MRXnfVBG3ha0zP 234.542
-153 50.2817 9Q6SFE1ISjZwXFxWv0LxwsjOm7DmBnXf -19.7956
-152 -74.3686 3FFr4u9 738.845
-149 -81.6202 cK43v2tAgIRTojOvgQ 212.439
-148 -42.8072 7ldSj8UVjuFWDEuVwY 555.32
-136 -55.224 WNXa 28.0329
-128 88.1089 si1xIuWf437eEf 395.942
-126 85.9521 6SuH 705.695
-122 19.5634 DsXpe66NDh 694.111
-102 -133.267 BN53 -3.13471
-84 -1.01106 FZTA0RvzML52j 380.907
-81 -113.49 jE 282.438
-77 -77.4836 x0WH8 -124.94
-77 -46.9624 YTH5TP0Ox8Helm 725.833
-73 -68.6792 b 606.149
-71 -45.5755 gyq5GQPRdu0KwF 323.501
-71 62.5089 fCs8mOTOFWbV6hu3 447.478
-69 51.1765 BCAYd8Y4 11.9989
-63 -121.496 5HaWG57z 4.61564
-60 -119.451 Is -37.598
-53 37.2842 MbTxfBQBTzKHNqFcx 110.116
-52 -148.362 oF35sAkaiJ6Hlr 313.575
-43 -101.764 kl0FObHoj1yLonjjRm 693.344
-41 -122.377 PQuIGiEFeRWdD9I -94.351
-38 -105.131 sGr7uykzFDP 23.2614
-34 0.327559 w -52.8225
-33 -91.867 qZrCv60JLE2hNK7JsJ3rwm7To -30.6683
-26 -94.3209 1CFju 147.457
-20 9.71687 yb1VeAO8dIAlWhqHmqUfdLfF 63.2906
-17 -33.9211 vRZgin -123.549
-14 41.0989 O -83.9859
-5 -119.796 QSS85WNlnQKjVokAv 727.671
6 -63.5317 zdPELXt5d0CdI8X 339.304
6 -10.4775 lAUKLHc 272.924
7 -24.307 enW4llyNTD1gNZv 298.3
9 99.674 2wW4l 674.821
10 42.904 iyRp6EZi9r34p2 92.7971
11 63.1599 N8MZJoJIAjcF 717.373
11 63.1599 Yu0VLdItvKRzeDZUXhjntm1yRrjcpYgRNPw9q 144.886
15 43.9787 s 121.402
16 -16.8482 MGndFzH -34.84
24 72.1519 DR5GlpnmSH6XJ7UcXodn 318.411
58 81.1559 ouWXfLGv 781.136
59 -65.4789 0q5c8X 209.249
74 -99.1382 NjD3dYmi2rZs3WHOB 212.148
77 -130.949 FMzl4UUSb7v94vB -115.832
86 -6.48448 IiHAlXEbnFSpK1 78.3638
107 -118.019 G3AAainsEWKKNXFQb1LD4Vu2bLkxCNERkb -2.94547
111 -120.474 sNRe 21.6526
120 -126.831 1BBfp -142.605
121 -56.3391 Vrx2oPiyy3HyZdbS -124.877
121 99.2959 RxndZivTRIyUSFbdYI 31.4905
135 99.167 y3DT61tX 701.53
136 -15.1624 bygSKKhRuKUOAcROGi9YVDleZt6HS7Z1kVLjiY 11.7617
137 -95.4038 SYtTooXGoXAJiy 239.621
158 -101.776 xXJCE1RUnYP 545.003
163 -49.3362 TJmEZLcs5ssSt -150.424
171 46.2239 Lk6kzLgQQ 474.932
174 18.485 FvhghA0xLiEopkXfyfaAFoGgJgnH1ZujvOs 123.571
183 -77.8664 ffjyK8f761Egmc -128.945
184 -102.778 2TTdFpRRU8Oc6qYuRrn0 338.978
186 11.7535 qXmgCABedKxEM1flg 71.5012
191 2.89536 4kJSKCHfM65HC4nRU7 80.8171
193 -63.0203 5czX0iP7oYXtq2 575.94
193 -63.0203 PDaLpPdvY4X1XecJUKpLmXF1IanV3b9q48lJOoG6 -10.9988
196 64.9388 sav8TPa0ie73E0yuSH7mp2C4Unwsa3thhE9LpS 51.7059
198 76.4538 nbdSMq1KMYtyibR1tw5Nur4f0NGkK24O 129.128
207 -51.7941 qxrB9Q798i 437.776
209 -82.5283 mKMfOSd -49.8315
211 -132.102 YsZ7bOgjyXLs 183.644
214 -62.779 mBX9PQRk 485.285
217 26.0286 JvDuxXK49IqVaENX9wDFnEhWUMx0 123.02
223 -108.696 ZMh0pjiBeGEDLjhC6Wv 387.354
225 -49.5879 nIavAOG2glCIn1aBgcUMDxJVwYymep8DPHG 13.5565
228 -33.9636 BRfAV9fxk4doIIPT0JDAqY 153.153
232 22.1012 y3pZ4orkAPL4 407.804
233 94.7879 FJQ 25.8384
245 -50.4138 H8Yaqm0lO6QNp5m86SdbPuubSCuUP0wB 96.2599
246 -5.34481 WyNvOKZ 334.772
246 99.4541 5qX1v 307.348
-249 51.2812 1LxBQTAEWm7I 283.915
-249 63.1649 1YJD0GMq6xB1f0Bu 274.402
-248 -113.72 g9nEzYngjmEYEsGEJHv 186.061
-248 -60.8611 TkwWpJkG09HY2Hgaz3TGSo4vdGx6FmkuS3Abqf 110.565
-233 1.55842 1N4SU1ITqQP6hd 353.773
-215 -64.2432 0gqGjK9kEPfo -80.071
-207 -107.104 JcFiDxVvfBrKPo 646.356
-206 -100.304 IwVe6owMJ7pjflUWEm -89.1176
-202 -4.89427 l 582.707
-195 50.3127 9fDyjwL3j5N 394.311
-185 11.3354 YoCiPEgtw 327.263
-182 72.9399 QxXpwMhnHiWPRb2JzCuZ -16.5106
-170 -18.845 TL 687.598
-169 72.5451 cSuhePN7iWhC2bOuVGIglmixZbHD -10.5681
-166 -94.7572 eVV 587.946
-165 98.9147 NO8MnIpMUqfRg 685.12
-163 63.3133 W7ZfReMK 140.131
-155 -11.8393 CsuwaHK5H1KCkU5G04PvKPD 72.0779
-153 -72.1488 cCEWwXLjaXj 732.334
-153 50.2817 83JdCl9aUbI9S -100.71
-146 76.7731 p5tqyrGeETn2Z -123.729
-144 -61.4246 UJ45nAMlDJy9CzOL 528.254
-143 -132.616 r5AwbqtxjHfcQHNWsntEyQgklRMko0D04eXZphii -12.8137
-132 -65.578 tnn3o9mDudqSH3fQQ 481.523
-132 -13.2374 Ah10YMQjX4p -118.401
-131 71.8452 kzzhMZagNpDPn3k0DDA 796.806
-129 -35.2673 LKa2gGrZ2hIwv3yhDXod 398.996
-127 -20.6177 uqxd 583.997
-126 85.9521 e 11.2096
-118 -142.487 D7Gpo3TQwgdJzO1ogmpcsAwQf70KJ2Fq 6.63715
-118 -75.5534 sXcueGMBHfBzru0no3 663.219
-110 47.2964 xsneYpZakOsgjKnxRnF90 70.7034
-103 -80.6022 OT2gLPedzLOwtVKFf6 -110.111
-102 -134.247 yIdQIr 726.631
-99 -69.8117 nkhwqJXtBm 82.1572
-97 31.4674 PN0 -12.1447
-90 34.5342 zgYBBLQk 37.4141
-81 57.7746 0M8YoZaO 637.603
-77 61.2616 hl9x 615.512
-74 -115.2 0aL 83.6612
-72 80.9827 PG3a 784.781
-68 64.8969 oHFJidKohSpNkyQT 144.066
-64 43.5547 i1IJFNOnL5EgNsh5ATQ 282.66
-54 96.5777 HS4L2b29cYgMmF0SWTMfVRNztz5 127.078
-52 71.4057 PvaRpTK 439.905
-49 -109.581 LYzjuGO6tY 602.942
-32 27.2032 NDd 97.3637
-30 3.47964 GlW8WgJ6 -194.874
-23 -87.989 I3He5hro9E5hV 318.248
-23 -25.6139 OeqoV6GueuL 724.823
-20 -56.5966 2gXK4lh0D7T 720.93
4 88.8415 xxTVwRY0q -14.1738
14 -88.9235 w1 266.886
16 46.6553 7pYmfrlIma6ZW3DjIcS 23.0385
19 39.9511 UHvLNkp6o6gc0yfXF -193.557
36 -51.4786 LOlw1zwlPU63ZMF0wufv3b0 102.591
47 -15.6761 c 653.23
61 -114.192 YFki75xCV3 132.608
71 52.7028 lacrlPuyCs9dtqqULqwe 227.679
73 -76.2161 AErjdMwj83 472.223
73 39.1673 JWOAO 85.7233
74 -141.731 2Yypi0ly58Zx3f 754.67
93 -20.009 bMQwDZUQ1 344.897
94 -106.443 7dP4XA7VbaIMIJGpQMoP9U8FYY 117.455
94 97.5686 Xvf4U2JyMtAgwiNelw 212.909
97 59.9097 i 511.127
106 -124.225 NkOkzcY 532.788
111 -120.474 DdKar61vcGOpECcwjyz8 435.505
111 51.405 Nu5BOYFe3A 643.849
129 35.5108 0OwdTgMDiQ0 94.4151
132 -18.6509 PgSZzCUeONeUDFTaR9ULkFM7v5lFO6gxRJzR 28.9065
135 98.2014 Gi90CYHrrM9NbecZ7jf 284.82
138 -36.8187 qmVFVRLT3 729.592
138 75.1205 qmiMp9p1v -116.87
145 0.85822 Qofer9pVMDlPGXLfx 85.1809
147 -139.095 bwh7TVO -38.3926
156 -139.509 BNfEx2GEui0Z3rbN -190.607
157 14.7158 9MWvcJ 347.434
170 -104.853 5WuS9W5252NNsJ3acujeXzjoi4wY 132.354
174 18.485 wvEYqaZt6b4ErIO 649.566
178 -143.257 B3SdiaCijYyDjaIS9PY 27.5476
178 -143.257 qqoPvxP8YHyVO 147.425
180 50.0106 Kq87cv8M56pvs2ln -136.206
183 -95.2075 SNN7G1bbtIt 718.699
187 -10.7935 i -157.705
192 -143.988 ncJVsXp 52.5613
192 -39.9713 s7sFj9geiB5DPSG 307.854
198 76.4538 yexNMUyiE8mVZ69DY2CZCSjeeV9YKICO8og 38.8029
201 -98.0077 y7rgJTeYTahcNLdo 335.906
201 42.2096 9L04j -105.004
203 15.0579 lS5KBn9uwkuNLGnn -118.127
209 -82.5283 wcH 117.646
211 -88.9712 eUiD5y0vP3CxrhdoPhRd 531.213
218 -17.8915 G9SWg4xfk5fWkr0oGyBY 485.363
227 3.80151 sX9bt 494.391
234 -31.0109 ym7Ud648mnFcO9I 384.956
238 66.0257 zf 554.666
242 -93.8169 r6Cm1yAHwv4eRmwEbISH1bROr0R3u46bZz 134.247
245 -50.4138 UJQWwTTwgRz9f2LjXWr9kQkWGsbABwhl -36.9872
249 5.91427 MH8F4RYnNWeVe3sUhZ55qBJ5wDWc 134.714
-248 -113.72 hxWQPfvx 150.957
-238 -52.6719 pRzN4rC 338.471
-236 40.5287 FZ8uujEEkxCXN 502.168
-226 62.8901 G39Z19QYunXZF3Rxn9Bg 196.064
-223 -59.1419 JX9SHYSwW 531.606
-219 -80.6025 TdZBF6ZZsPDluE -96.2107
-203 -57.735 RyyKJCX6AxzESGX 512.881
-200 -82.9467 YsMhAIDVTBWRsb 44.3123
-197 -79.8361 XODynds -104.387
-192 -43.6935 LpiBob94j50idg 98.1806
-191 -24.6896 4xuZA45XK6KLM 413.666
-185 -125.111 bkvzs5f0XSPTQZAKh 344.088
-172 80.7318 yptzM7YVyB1r -1.76333
-169 72.5451 PxAo6bkXZLsyQy 258.966
-167 91.2921 72LCiVbVU114WCGfE 20.2561
-166 -1.60851 R7OyjGl -13.5924
-161 -38.1717 ceeHuKZKiFkqX6VP3 6.00689
-157 -130.941 FZnhc 210.758
-157 96.7813 4T 216.994
-155 -11.8393 o 261.066
-151 38.3989 nYXHdkmVsJqZez18ej 21.0966
-148 -54.7985 x4cXI 448.925
-131 -117.403 ZcyWAu4Dydb7ENE2 525.452
-131 84.0382 N3enSq88sGKt9kQdq 377.04
-118 -38.374 ZBc 672.385
-117 -136.078 cqHzCGFukeVMuiMzBL9C 27.8675
-111 -83.6497 VdCq8g005w -109.086
-100 63.9633 UqqnpZhWAEwvib2uqJp4bT5FWxRubeN5 99.8375
-98 93.5875 BWqxgJ22YR0lCkA 284.857
-92 -75.6252 x1r8rt9itfRaR5t577I -108.758
-83 -31.1747 kktl 181.423
-78 66.7922 jxFUU34xqMdD 136.792
-77 -46.9624 VwJ0qrC7q5JjZGu554PuVFZ0AQw -0.33227
-75 89.6055 U731KKTdHkoR8 28.3798
-73 4.36136 dC2MecWqMN9zK 192.891
-62 26.679 1w6JlILjaH5lJHbd 254.136
-60 -74.1216 YBfWc0dCUftJQ1YJEpAF 240.551
-57 -127.132 I83l -137.24
-57 -2.85355 s6WP0VOVM -110.943
-54 74.9139 goofcmY 54.5864
-48 51.4639 gVBi 777.583
-41 -25.0736 D3eBYS5IJyYCVsPzp6wnsPZRXiea -0.58203
-39 -31.8888 LG7Y12qsuYX 510.141
-37 14.1928 qDcn2d1wsivfyOiC 677.619
-28 -28.691 HDVieBlt25eVln 797.537
-20 -102.153 SP8BJ9Aeqmbgki 737.492
-18 90.9097 7JZXJSaqQiIx 24.6501
-11 65.3031 Q5PrXUBE2K -142.634
-10 -73.1106 mkCIbKhosrnil 517.769
-10 -70.3013 adW5szv4 647.449
0 -26.1931 q1Srhvy9veNfTyskCX 533.81
14 -38.2941 hD8y87kR20XFumN9H 309.761
20 -103.184 7HyizhrtMlLH0XjimG 411.871
20 68.169 15Y0wORRCf5yYizoG 20.8627
23 -85.7963 kc3tqtpxjdJPD4MvWQ0 50.1192
24 -121.975 Mcb5rT99 418.775
24 -121.975 VHKsNyPUZKQkBL31JIsGnTEGtSk4P9k0OXjgNH 51.301
27 98.5745 pS11uLsmYjmWtvzOGH7D 659.323
34 30.9449 xxaJPVZwleMbUN79fQ2bqim1fXa -31.3091
39 -112.211 CVkm4r 360.632
41 51.0187 OZ0bJCiMjxp0JnNC9r5E 365.458
56 -120.21 S69F9nb9IUes1gID 130.334
59 -8.08494 poHczmh 401.025
64 -19.287 PCP0LUMSkF -22.1287
64 10.3198 L5KEZ7E2MpGrI 65.9155
65 -1.97078 ZHh9NE1c2oYM7J 160.145
78 8.03489 PP4lyOP 231.635
81 -94.7944 jjsiTFH7ijAg361hzI -152.055
82 44.2489 vk5Gy 159.246
86 78.0595 jjc65I -86.6926
86 86.8103 Nd1gpiuBzSWIMF 118.749
91 9.65985 fP9kJxXoNrbvF1y 504.405
93 -1.27965 8 -112.289
106 -118.411 0DY8SpDQHKjtXiq36Tnl 784.91
107 -118.019 J 610.999
112 -95.531 IYLlBfrFdcZ6vf0I 267.155
123 94.7357 b7iOgpIhCJpDaV2WOheHJNmDt -35.7448
129 -144.998 QFn5mY8llFQx9tpw 538.269
137 77.3025 PJ5aF 545.633
145 0.85822 b 463.074
150 -95.8013 h8kV 723.386
150 45.6292 yN3cMP6Ab4 495.651
164 -27.8162 StHrUVjTF1gy -10.5427
167 -4.12916 SRuvLQy3CfdA 70.8011
167 52.5296 i2DleKS3QP 635.722
185 15.5065 RYvIqH0 -188.959
203 -81.1679 aZqr 84.9388
205 48.0263 UZ7B3l7VyY1ay2XX -111.962
207 21.8533 9nohdX7aqXtAhu1l0L8S 265.505
208 4.67128 Yi2dJNoAHDcajWnr30 -130.687
208 4.67128 hIfG5f 45.9672
210 -120.256 NX6fvkW5DlvfbPd98iwb 621.259
211 21.2526 0ufvSqhZ8xmcUlfKSb6qfPyJgqhYFOa47Cnp -8.16791
213 75.9829 ffDSipk6rl65I7xfNxtFjewZDjaY 8.42311
218 -89.6235 5CbsvMW 274.784
218 -71.1 E72B 125.039
221 -25.2507 HEmNfS6IpLeImhy 513.165
238 -102.42 lA1zgnKFNObaSDN8HBwg 312.37
243 0.582166 6ZU9ZzDWhQPOg1hr 450.744
245 -50.4138 UYeTQGTqIl38Vku 77.955
-249 32.0988 rWZMo6hlI1e1d 682.931
-246 76.1937 XpsNes56oQ4w1ZMLiRE -74.8855
-245 -113.695 4HzdFoL7E1l99dDUgTW 283.236
-242 -3.30756 nmKMC 586.238
-240 -137.778 JBiHhLUuRbGt3dugneMf 496.797
-238 88.5107 Lmfsntz 97.344
-232 -61.5951 oZg7CChOSM34BBb -166.939
-229 -80.7767 CUlqBuHNQo56Hpl -172.647
-229 39.2472 u6Ey6NSzG8rPPgyXyRA -186.255
-225 -18.2895 t 448.786
-202 -140.597 aqa3IxhdOOcFMYpj -38.1037
-202 -140.597 tWFPYof6V0dCcpCq8YxBQLMF3AdDbhTA6C5yzM -25.5482
-192 -145.801 XABP6D7y -175.449
-185 81.4995 OVo4PJL5 278.322
-182 61.5603 FABohja 608.805
-181 -88.2648 p3s -108.381
-175 10.852 BK 224.889
-170 94.213 AuAlWb08E 572.391
-169 -65.1083 TGgzZ 751.12
-157 96.7813 FKPunuYFPk7LRZjHIHTaqgupP -30.2633
-149 -3.26409 1Y95VLCxawOS 460.266
-141 13.3068 fZw4U1UxdU 361.118
-131 -138.58 gUd57usH3QhEb 755.528
-131 84.0382 PUcLMh026Y3O9ositcsUdoh 39.3211
-126 -84.2361 XhtvRs53hTeODR9Qft 398.982
-119 -7.63566 ybenQwiBTn3QiVR7WjGMvXZL 111.783
-116 -119.963 fzELwD4 740.469
-114 -118.199 wdS6 -120.876
-109 -37.9821 EOaA 270.658
-109 -14.0884 J 354.013
-105 7.66127 cMKo5gzdRq 708.303
-104 90.4312 60k8oRwE6l -45.9106
-87 84.4947 0HktcSfzMtpdf8bg014YrqlWShNzfOdkhchJs0BU -17.1779
-80 -74.3446 Kkn6e6lVbBNRLQT4mw 171.43
-78 -140.24 RxCy4C12p0Uda 569.076
-76 67.8827 IbAHIc4ghuo 703.758
-75 89.6055 6m4AukBKYzcY 577.141
-59 -58.1069 uytbO43a9mgI8QzsJ 435.555
-54 96.5777 UaG9JPoPs2pq0eq 134.894
-51 -103.319 XWsWhPbeCJdLUe3Wwz 271.937
-41 -122.377 cAW 56.3984
-36 -144.96 uR0c 97.2561
-36 -12.866 dpHxj0Q8J7J5BqMu7 88.8487
-32 -74.0528 oL3O7zYHBeI3KyzXIE89 400.547
-23 -148.34 ZeR1DOwY4dyv 748.807
-16 -105.419 H2yEox0QZJjeg2S 68.4213
-6 -103.592 D -67.3516
-5 -75.1121 BsC9Lf23 297.985
-5 -75.1121 TXZG2PHhvd7UYj6sClYrQhFl9LEe4vVIcp 129.461
-5 -49.7029 lUArG -198.486
-4 -129.272 RCMdm 143.966
5 -142.729 V0194lSWSy 553.416
6 -38.5222 YbtpSaLxm6be5 283.817
12 69.8121 tuGgZ -54.5295
17 20.2315 H3kmJI 253.71
21 38.885 tOULK83PUGohl8d2q 140.947
22 -127.27 UXUXiLL03upJxLSQXCn -37.9833
26 -85.0956 dhbjllFM 68.7006
31 -127.09 UFIMITqRT 489.545
35 29.6815 ZBWgEd3fGo -0.177154
44 -113.718 JYgXHePHiAq6raEQC 150.766
48 -83.9592 Z65cjFmipmuADrJ7pzaMXDoCJt46AA4B7F4KyMqJ 155.883
53 16.5685 jfluFKZlgrpXYeOBiI 86.179
66 -83.0893 Lq1sgadqE 320.983
70 -69.2459 E006 -167.041
71 74.6751 Pd4x1zskbFRLuUAGTF 577.6
86 86.8103 qlCkE -97.6628
89 -58.9105 ow8oAm0sis 773.301
94 -106.443 DU7HyFoGKHuPW4zlQAY 24.0628
97 -86.4683 MFgXNRez6OJe 586.377
100 42.1915 48F8AuhcrO1W0AC2 478.887
102 58.1128 hPvJtNEhl5DGcRxuBi 582.725
119 -124.365 Irtx9hGXvcAVThd -164.35
119 81.9338 u36eoNg8omFZ1 122.517
123 94.7357 QK9WzuEjOXlh02 186.887
124 76.2628 mhHRDeGXV0sTxMI 102.461
125 31.1626 A27qJBYsQM1bwxPu 308.178
126 30.1514 2 744.489
129 -8.78512 O4UeoLi 198.442
167 -143.671 9OGiQPrfrZQ -107.309
168 43.8993 A0 714.6
169 18.1639 jGD 417.706
171 -17.9009 VZ 467.694
174 73.6483 bQavxOtOsuiWuj 122.743
178 22.3754 lr70rn37uYbd1T1377tKfqlET31owT7UHnWMOGN4 -10.0474
185 -141.899 CRl 176.767
188 98.4907 G90xlLMEI8P0hys 92.9906
188 98.4907 WoMMWOp 63.6286
193 -9.84809 fPbrTedvSbxSDNyV5 749.842
194 0.930182 I7cX37CqM7Tq 600.193
204 -71.8144 vLaf 33.0977
206 93.7711 Opy -2.73558
220 70.7982 gTXQrGnWV43Xp86 402.809
225 -6.15682 d0Zm99d8gkbTVKlzMxE2 704.764
227 -43.776 F1gtfjK 679.888
232 -139.632 jZbOEJ5FzkQnR 227.386
237 -148.617 xJ9QyoyuCjf3AhoYZkV -96.3399
242 -93.8169 G39YwT4HKDauws 68.8055
242 -93.8169 wlD14niIiGcTw1IyD1olCbkShuQV67vrdWzecedK 113.503
249 5.91427 fL6QCyKFMpfvZD1cZH 330.497
-248 -60.8611 LznyLYJyoxCOr7XHFv 324.503
-234 -135.147 Gy3fzarI0fq 767.696
-229 6.82663 fftspWfn8P2u3FBtvpJwiQ4CR 91.4662
-227 -138.662 Wtet17HTY 692.507
-217 17.3735 kr -29.2236
-212 35.6301 o 89.1019
-211 -46.7716 mGPUSJNOlESWqjDxNH6 119.536
-194 -92.0957 6FdbzmQE 781.536
-185 81.4995 YkygwFTmXJxYMNfipY6ZlPq 24.3498
-181 -88.2648 e9SlmhxViTg5DbXFr670B8iHQCVSj -39.3993
-168 -121.293 ic4Dt5LOtNJPztPIO 627.844
-167 91.2921 LQkPbtF 137.621
-161 -38.1717 2TYq7A0IJs6xz 46.3329
-144 72.5052 L6Y 474.775
-143 -132.616 R8In3V3dSWOugsiDW3 131.104
-137 97.0599 lXMAt2TCBHR 406.977
-136 -67.8416 NKJnfPalxlZTPT -21.012
-131 -26.9009 XYIx1AptrRfj 358.494
-121 -87.0773 zT5yEtqlx 140.988
-120 26.4733 gTaKi8 338.718
-119 -10.199 ENX 405.541
-110 47.2964 c7vpJ 100.604
-104 52.3249 Be 771.069
-98 -132.913 2ciNqIEhB 451.301
-98 -60.2242 1Yb9XiJSoA0R 388.546
-94 -33.1453 2IhDRfKAtc 170.838
-91 -99.7069 BUlyP8XpHiK7GN3wz -92.7166
-90 -128.893 AUb13lFtZqmDFJ4 484.091
-87 3.29526 FV3bE 395.936
-87 84.4947 Bp9nZjEXLXagL 82.5336
-87 84.4947 G5D 353.142
-84 -23.1426 MDia6TTQaZdfnS51 -79.5123
-84 22.8582 XTCPsZLyX 259.661
-84 49.1648 IjR7a0SeUtkAd6c1 -145.836
-77 -100.064 DSW9 653.784
-77 -46.9624 zL1yfo2bMPO 17.5991
-76 67.8827 LE9Xhp 19.412
-75 -100.203 3FinEkGr -196.549
-74 -88.1184 bn6FNx6K 377.556
-72 80.9827 RzTKoJilWBymac2 44.4787
-72 80.9827 Yw1nw5Ua7InL3dUwb 75.1717
-68 -26.2692 PjJWkXM 620.482
-48 78.0869 bGaRnKtiS4Yvg4ePUAydQP3Cg 74.8855
-45 -56.7288 2zP2d 155.827
-43 -101.764 aOfDqVuUn2qBlqap2x2rNPNdJWxe92faz 49.797
-40 24.2757 GQR -160.821
-40 86.569 elGf5CY2t -84.6749
-39 -9.70334 yj3RrCR 577.974
-35 -134.471 otz9 235.557
-34 -34.9855 l 409.408
-30 3.47964 IKE27GkSjfDP1vBdq 107.379
-27 -55.4059 XR9dQw 371.637
-24 -0.938051 wQssSYAOvzZnvjHkUlh 162.221
-20 9.71687 qbMmnVm93AvDEFeJ6IvtmT2 -29.1384
-18 90.9097 0nLtfo0 366.45
-13 -138.79 p58LZVEkPqJ 526.27
-6 88.2377 p7dJqYDD8lqd19Ait 402.689
-3 -135.485 PRQ3E9XjBX3IFYTvoi 254.131
16 46.6553 xc2yg2mOgOy7KZrl 5.58689
23 -127.911 6XGK9WlWm7 -71.1622
34 30.9449 PfOxrjKe98zd -130.795
47 -14.0937 vy43QkI2xvomj9wQ5dj 328.182
52 -4.23529 N7V8Z5Cc3UxVoB4x -128.333
61 35.9498 NzNMehgrBUJU 274.853
62 -69.2887 uEP5M8hS -101.188
71 -38.6872 hnWKu 212.482
97 -145.833 7bFCLj12Q 71.2076
110 -132.225 BAERae0IOSXQDBR5 -24.0446
112 -120.014 K1znrCSeKpmCwG2Q 786.91
112 -78.6095 cK6HMnA1gPXlSDm -31.2533
113 53.057 rySSGGPGekH 712.179
117 -64.3966 aW09S 788.538
132 -18.6509 hEB 770.613
134 8.26888 cD9ruGIa50wPGo -171.619
142 -142.569 u3iko7bifM 615.633
149 32.9549 z807uXo8uSIE 236.257
157 28.7814 XRkTaWp0zyoe6StacZE 539.211
166 -41.6644 90mEygctqjtRfUytwd6g 599.055
166 44.9008 f 375.466
167 -125.38 im3T9zdP 121.921
180 18.1314 O4bx1Hz6MbnvBEJjCiZL 94.7305
185 -141.899 590VWAQGxBr5 32.7881
185 -94.7671 wHlqszjKY9G 81.8202
187 -45.911 y4B3oSFo 163.381
193 -9.84809 tJRGQDtncDarnY57A0Rw2MWnM4 133.811
194 75.0722 es6dgCeJv 87.8862
196 64.9388 atwH3i 148.101
197 -116.9 fxaPPrH 640.607
198 -149.61 Ea3Tsq 110.323
199 -69.6336 1oGUfwBzFM9Oua23ni 729.476
199 -69.6336 QLGmni9x6YaNAYLqLSvBuHXR5J8MdLzYN -9.61732
207 3.77097 8PtWtUm 630.33
214 98.7244 eoOqVyk 658.737
215 17.4366 C8YeRrGWXvoh3obeV 167.704
230 -49.2379 VC89UHhIHZRSUZ -99.4535
233 71.1 lX1SEaFUU5v3CatDDxgE -188.54
234 -46.9589 R7a0x1hSu 397.117
237 -50.8765 MPs 138.701
240 -51.0485 4ECFzaHD2YXv4qSLj 759.717
240 -51.0485 xuY3pwYOarhUekwzT5SvsCNGOfO9GkBWWf 30.2366
-249 51.2812 woXU9SoZc7cqmzj7TtQP4wWEuVxyTOnVTH8BK7 148.258
-240 77.824 m9tSNiUQB6bSUWQ7PBE 273.535
-231 -144.855 ffNJmv2V2B -86.2854
-231 -50.198 d0FDSZ -128.836
-231 -27.0187 LVN4yQeP6M 205.105
-222 90.7781 FIm3VWKP 436.312
-211 -46.7716 V 132.758
-210 -19.8619 liZ6dBxRT8wQg 133.422
-198 -124.013 b 498.721
-193 -135.501 6HMw1ReqiI -113.649
-192 -72.0254 YiNjhkLZhI 464.642
-188 -71.9112 wxb -51.4832
-174 -46.8984 Q7fJzY 207.818
-169 -60.2209 wtI49CLblxpUF8ENel1WJHsWwFG9qC2gld 116.666
-169 57.6446 39D 174.096
-162 -72.3887 kIg3 115.385
-153 -87.1684 7Bn 342.334
-148 7.83554 NDQ9VGTpQYuLq5xzUFvyfb1z9mGk1V 5.12934
-148 7.83554 RG3Z45 320.986
-143 -78.1324 B9slJLR6JI 237.802
-130 -88.7105 irp 586.989
-129 23.2423 V 574.396
-119 -7.63566 lHJOhBabCInHVo74npA 709.918
-110 67.5172 11bn3WgnX 132.992
-97 -100.967 gUD4SgMSS6GxHAEDCawD59m7o7zpUktkb 91.4311
-95 31.3759 4Ewe8quqmiBcsWFum 348.492
-92 -0.978398 4CF 188.231
-84 -127.111 kk14FLtXWIRdCj 222.224
-81 75.259 jgueqmoB5ITl8XGd 7.68861
-68 64.8969 kkC 590.425
-58 29.2539 s2TPbO1N2gXaymIwshwt 25.4941
-54 74.9139 P6WHHAb6KT 311.057
-52 71.4057 fHinLjj6Lj5y1 133.654
-49 -109.581 2CzisxDC9wPv 141.262
-44 75.7019 V42 180.225
-30 -17.9568 OyPytO3DAuJS87w0 775.931
-26 -127.381 M0y 435.595
-26 66.3027 enQWU7U51DTyq4b2W5fFD4p8DqtSB 94.8864
-20 9.71687 1FECyR 249.494
-18 -108.584 btquU 141.884
-18 90.9097 cVh1BRXrHtsfuP 96.5627
6 -38.5222 pvIWt5YBBkB824CNJe0iWmoqDOk1C9vg -0.69231
14 76.6465 B 477.287
18 -16.3495 hZVl1Rf 8.39494
20 68.169 TykRYhZqiBWR2GoZ 368.911
21 38.885 HFSJsHMm 65.9784
22 -127.27 62LTBloZABKZtU4mU4h9M 111.811
25 -89.3414 2RYL 678.433
30 44.0943 VJRqU56Viz9B4JFHTDq5 733.506
31 17.7732 Cr 612.732
36 -51.4786 YY 47.436
47 89.5064 kOWhZviiuSZ10N2pa5De 84.476
48 -83.9592 J5LBX7sjQbfVAsX 205.739
57 45.6023 8jcq1gjhUdOYf0eZ 374.079
61 -57.2617 kvci -47.9001
64 -19.287 IorV1BDLO -7.77448
64 -19.287 YNfkI2EqVGralsrnGHIgvNbjIkrzpg6WjaV7E 38.6214
68 56.4937 vp4kPgW 369.718
73 97.4894 HY5LpK 790.134
80 40.8116 M911sw9Ntve 91.627
81 -125.016 Xi 344.073
93 -125.133 mqJ 673.542
95 -114.485 v9p6UjQ -190.695
99 79.714 jxbX 797.811
103 98.0932 SCdSmcHQTPURGLIllmGMp2DOxdf 45.2126
103 98.0932 goj9TSMSlOYc9MTw 552.754
104 -121.879 VnzZ 10.6422
105 -132.843 Ekqk1Ye 755.155
106 -133.481 o7AhA09ZpYQmQU9 641.541
113 -9.34942 bp 179.918
115 -61.9406 HNIGUIuY4AZnG3Mv3Mon 68.9349
127 -127.908 AZBvbcX6b7c9l7F05GyZR0H2pGSMo 46.7802
127 -127.908 v7WDq5AtUyeV4q3vi8M 192.881
129 40.6631 MR -142.251
143 61.1305 UQKAL5FgPDEtqF7 -25.7594
146 -136.346 vgYx9sKApMwq 208.632
146 68.6654 GuoxWRsOYNgNKpDQhQ7rTCw54UkZZVvvybE7usHH 42.7425
149 -116.943 ZU 309.901
152 18.0163 32drFUMO -101.765
158 50.0464 nyZXnvxo2OUvV0FLx9 698.9
162 -57.0873 Fh3v0kNkI1FN 289.883
171 -50.8111 kIsgWaBY87U5n9O 561.163
178 22.3754 SwDXQ0bDwOvkOURBoIKHDe 33.0482
179 -24.5451 R7KHIvQ 398.281
180 -2.41717 EGNcm6u -96.9763
187 -30.7663 peMhfKuGNyqosXN 375.757
187 58.3913 ysMPO1RjktdIC6gy 274.362
196 27.9402 I4NjCxlIeJrW4 400.986
198 -56.3001 Qr -169.398
211 -13.1569 KJb6t 474.516
213 76.0381 63V2iSR3M2p9 395.706
216 -30.4112 G5r 1.97853
216 65.7724 YgMrkjVnSkFB 731.198
223 -72.8229 7lYvkJOuF5eyTYP5F3OgRoKxhpPXLpikfd6lhRUP 32.677
225 -49.5879 jZR3OLclKmAC5BkE 658.123
228 -8.85676 D 418.262
232 77.295 uoeExk0BqW 725.313
236 6.22603 pOZb1mCB6P4mrxMlbW3FbXxhKzP 158.359
241 -120.555 9o01K6FKH 658.258
246 18.4409 8Z00UNlgWAvncCj7YIy 462.383
-249 32.0988 CUyLw8IB9IU4Je 136.213
-237 -145.083 D3QV2H 523.365
-236 40.5287 wB2KjWC 15.746
-229 6.82663 mLJsH6XgxuQAaC4fnsX 232.745
-212 61.8208 n 111.449
-210 -8.02604 CpHcEcuYdv5wCm1 400.727
-210 -8.02604 nWJdzTeUftQcSfVkV1AqqPQvVSxvxE 77.1018
-198 -113.823 51xQSPRpxrqb3Rh 215.521
-188 48.1055 1QG3V3gtu5 -110.704
-170 23.2636 JOrkJP4CM -12.6987
-166 -94.7572 kHeQpKds33ofGp9Dc7vG3 -23.5849
-165 -87.9483 0E3zR1hY3kEolL2MaG 799.22
-160 -37.8664 7vMVrlsLaWVRnWUK80ls -9.35122
-158 18.019 LhNGswvZBpH 95.4535
-145 2.04811 xcrGBVIESkkwu 797.335
-140 74.8071 oQHE 445.428
-138 -95.8854 lui9J22pV3bY4LZS5w 383.554
-136 -124.522 Jl9hbsHrSsK 554.845
-132 -13.2374 gHltkytOUDA8jLpyArwWm8HL8nF2z2PYvHMvY9 154.426
-131 -26.9009 Chgp -6.1781
-126 -21.7122 BXUij2 408.422
-118 -142.487 BKelaA85Nvv 449.135
-106 81.1766 LMf8LNAqUwryJPuxMtta -57.8403
-100 63.9633 D1ZUVBbWqV -112.314
-92 -103.529 nh1CvGJJ 438.289
-92 -0.978398 wOD45PbyqzMCJ8LJxbhZe 82.1735
-90 34.5342 alxPQNaAhAkRI9Uv5nppZ 118.396
-90 34.5342 bll8l8I9nIqDcP6Fsddo6L -20.0072
-89 -42.7097 0HGjrBK2tE 782.538
-89 17.9858 pbCdhu89PlWXIncA88a 331.958
-86 45.6403 HgiAqVyMt5HA4a1ivE -138.787
-73 -116.941 z5sqJTBfM0cOA8t -134.228
-72 28.8172 0mVLuIDpaEz3bEqqPCnWNi 123.585
-72 28.8172 yfKl4AZuXq5ZPeoidn 55.6372
-72 98.5922 t2cJ9aqacXoULS15 190.963
-68 93.1497 3zz9FEleDxr 463.375
-60 44.1766 Imchy 580.052
-60 98.3348 K100mDQeeVxiV8 691.268
-59 -58.1069 8A 48.3478
-54 24.8884 SmdFMB3jUBza0 130.376
-53 37.2842 LeZb8 311.044
-51 -109.951 R4fC3c0sXzin 108.3
-47 -63.8313 Ys9kVFPCj9gF7r 574.865
-46 -102.357 oMHFXI9NtQZZ3MCV -66.7297
-41 -25.0736 0 236.375
-40 13.9066 hELj7kWt 297.893
-35 66.2765 ZoZ0p7 289.518
-28 -28.691 oR 68.1312
-26 66.3027 D 245.51
-20 9.71687 sNgjE40acbsk4sSLJBVIzk3EKpW4p9Bp4P 159.076
0 59.8028 MjvKzSz7iW2SUb5NMOFR 128.842
10 42.904 0o9Pl29 675.026
12 -28.7527 C -115.051
16 -121.346 sT8qnqIDjjvwcmF81E 287.327
18 -16.3495 Z2I38lq81nHE3x4wmARMIM 80.2767
25 -66.509 J 5.4347
30 97.3991 EU2Zp8 -45.7617
32 -129.352 gJctrp15JLUOr 568.211
34 -87.672 pw2Esba 169.042
45 68.5223 VPuyJszx 436.298
58 59.9969 XwvxkKO3MKqog8T 480.656
61 -114.192 YRv 499.999
64 -19.287 5B2YbcHGKc260ce0KFKX 316.921
69 -109.022 wXj3bUGd1I7zOChS 487.297
69 91.316 M55wYKzL213cZeJHEtrZhBUWhpL61RK6AcDUWW 81.2201
72 -99.6876 GXLYsBXkhQj2EN -103.33
73 -130.279 fUKY1QXaN9CwoeR8 448.153
74 78.0299 vkrEMB3bgkyzXnrO 113.292
79 -124.188 TkQUBt1By0MWe -153.349
81 -55.6584 PcElyk0B 516.804
82 44.2489 wBi8 47.6654
93 25.4733 Bi9TFJqck8uf 301.726
96 -92.7536 sAxodihpxISWkcfQ 151.438
101 -129.522 cSGlY1R6ODNX6OmImJkV 81.7105
107 58.0291 2C82PufjxJRrMBfy 322.867
115 -126.641 72vXb6F5R 3.51117
119 -27.0527 BpPCzk2fhQYgXoXskiA 356.998
125 31.1626 D5Vj8oHxM56VYj5 13.1282
130 -73.0537 ghf4GppVS 755.729
130 76.9765 p0bN4k9MVS4XTFbe 681.205
131 -118.419 Wpa 644.168
132 9.76989 UKoMpLTdfw -77.5588
146 68.6654 fU840DTYfZ7 -12.4999
147 33.5186 yINRVKjBqBIg 628.759
148 3.89523 QoAsVMML 771.47
152 -5.1059 wjZa 694.238
168 93.5931 rrW -177.706
176 59.743 yMoyeGZaL5y1 404.413
178 22.3754 KGMbnauGUDct 154.752
186 11.7535 0LAUCdXtUUdjzr6F0RxTI 51.4699
191 -128.141 Xn52jaIS8wMQ8b 457.765
194 62.1409 vloaNGqFWngv9l457 502.333
206 77.4809 Lq5ALO9W47wdKNoR 83.7186
211 21.2526 05qmwRd4PqMaiCmG8 615.402
214 97.6013 Rr1g9m1dN3ntASTMMyWvMdhu6jjNqojwfD0 -30.7865
228 -28.9619 cnVs3OrfrS4Rr7Up 22.1537
235 -59.7152 mc5Hub5QyxxY3RYpFsvr 123.035
235 -59.7152 rWylKQVhMb2 105.366
240 -51.0485 vL61LdqSp0GOlxVCi9DduDspTZdCsgp 82.6173
247 62.3575 qmiIQUQ6gKua 208.235
-240 98.2717 0FPhJw 554.138
-239 -110.775 iU5UB8 160.429
-229 -130.259 yedGPGDDgsJh2 641.931
-228 21.8322 5cYHp4VeZNSalBT 603.287
-227 -75.8389 NDS1CiSitmln 578.166
-221 -90.3561 aa1U7r6qB 558.901
-216 -125.72 KEHphv0VvMcIG29BTq 545.44
-213 -16.0651 bUYwGJ4z -91.1375
-211 -46.7716 j70mGzz7rvKAZQ4eM1Cwj7tpU9zmxR6 118.908
-210 -146.979 8GHv2XD -15.5867
-199 -139.716 RkX 468.577
-197 -145.006 Sq5FvN 327.586
-196 83.1345 0dRc45h 516.016
-192 -43.6935 qMYIWmYsjRZpiH6tBq81V 28.898
-190 -92.8847 d51IwGajEFWhBWHU 61.6264
-188 -11.8656 fZ0FVXE3RLe11SE 99.0086
-182 -68.9568 tpVNOS4gV -188.505
-178 -65.4648 PjNuXUU -31.0465
-175 -101.149 AO31rI2oOx 470.848
-175 10.852 ywB6ogshiqC6jXTW8k2Qbt9WB9pu26HuU5HvuXi 85.948
-171 -100.434 ssDygdazj 444.652
-169 -60.2209 nOWF 127.852
-168 -80.136 v3SrIDnBcE 520.675
-164 -27.3881 IDNuBQ9Aj2FLu4ZIF7 425.785
-163 -105.385 wQ4h -71.7559
-158 -120.46 3ZK 119.693
-147 -147.157 UJuYi -39.2828
-144 -48.8187 B9fn7w48EYn 795.234
-143 47.9619 qGEeb 406.947
-141 32.4851 L 134.996
-128 8.09034 aVzbOMPk2FHD2kzNkQR 127.743
-115 -87.9578 Z1cluHae5T5o -24.8349
-112 -132.357 o9tW70bJ6pNl 432.198
-109 -42.5747 gP 252.751
-106 -102.804 T6z 773.63
-104 62.6472 WMz3xSS4bbLluyu0rD 442.284
-95 -94.479 gM7TBODbF 724.691
-94 -44.3264 YY88AQsY6q7PTquaD 108.598
-90 34.5342 H2KANM3pfUiiS -117.087
-89 -115.112 dq 280.852
-81 -61.6258 3P -120.472
-78 41.4351 5unpvX2A98J83cjSC5V 23.0731
-78 66.7922 ffV 487.096
-73 -68.6792 3APPYlyADuD5LiEvez18aSH 113.255
-69 -113.081 fGo4PqNvZOA 480.97
-69 51.1765 UECXMhLHvabHZyOu9OgxBAAKYRya9e3YNrOdvT 31.1619
-68 64.8969 NeO0iGt 16.2198
-67 -14.7201 tJxoGyOYYgsC4kXLWA4lW10GIKiStUn0pUmO6Oef -34.2164
-62 -55.9959 VjRn 76.7881
-60 -119.451 1Vh2FxPad 269.59
-54 24.8884 Agt 79.3057
-50 -54.2293 oc51DzPidjE 579.52
-49 -35.4153 N7x2z 260.458
-39 42.4672 NlTWcO 773.902
-35 -108.471 sEpjr75JtjSH1fOv 55.4893
-33 -91.867 CVEnD0sCavdo 2.46986
-32 21.8974 baYs3RZyut1R8 -60.863
-32 88.6549 GaMYvOcDORikFHN4i 11.3562
-23 54.4609 3C1a6EeYUBb 141.395
-22 50.9464 xe -11.8995
-20 9.71687 fv 90.5595
-18 -80.539 eV9QHtAQ0xUbgN1y 180.678
-16 -99.4096 evDBtHAHm15auS -66.9335
13 48.762 R6SQ9iBp5xNsigkNM 470.067
33 63.4459 sMamsDAH 58.4849
36 20.8792 Xmw4 -82.6035
38 25.379 zl 569.11
56 11.786 RlBzkBtzQxshsaMo 584.953
71 59.6438 K 10.0075
75 -14.6654 7OvwHXF 507.118
80 40.8116 SUaioVb 475.887
98 -75.8643 QrNtYvjldbfHhFPr 469.342
123 -121.136 ASWlfPIWc7j2Sim 691.022
123 -16.2304 W6hJpe 148.101
127 -138.857 PaKRZm -135.402
129 35.5108 vvACFxkGTQh6 765.352
136 -15.1624 tsWVgrWC -179.751
141 -91.3115 iSMs2vxY 458.454
145 30.9029 dcDd7Sj5fEZ7ToEecEGniITOaMgnmys 91.0582
145 30.9029 moeiqkgM -3.98993
146 15.6732 OB7tNAk 518.907
153 8.07493 UwnTwRGC1RkbNplq 741.073
156 91.7543 I7b4 257.267
162 -123.574 4tA0EZQ6S01iP 649.214
163 62.8568 yrBux -185.514
167 -143.671 3NGZtvuoBA6a 12.6818
170 -104.853 Eh 753.089
185 -141.899 hazPuTYPG9ixSfEeqOBzoigTxQOl6DLU1OyA9Nhw -29.4756
195 55.3647 YucdGYWIanSAAh87oVq 518.194
198 76.4538 ON8b4nJKm5lfDWb 378.412
202 -88.2873 3 238.134
208 -74.8686 F7oDIpbsbTgIeuQbD 733.292
212 67.7024 0vSUS -105.027
213 -59.7018 RkRNPggYuJRuoq 39.2325
213 75.9829 J 791.124
217 27.4224 rN75xA8XlD2qdxyW 639.928
223 -48.0912 bIoMdu 247.033
233 94.7879 7tdg6s 34.3858
242 -93.8169 Y4CQO0 658.209
247 78.403 Af0E -121.045
-249 -18.5345 U4 -170.044
-244 -138.547 zJMgorwFh0G 202.668
-236 -130.631 jHaNDdbUp9TtWTY 157.655
-224 22.4098 OETS67WqW59 656.159
-213 -16.0651 yRBJZcAyn 104.287
-211 -46.7716 bSRaw3oi 142.561
-207 -15.3023 FKUhGmMwi4V2 578.813
-207 -15.3023 UI1z1 23.4551
-206 60.1288 eCKhQL 438.54
-204 39.2444 PXr8Oy4QNiR 382.244
-202 -4.89427 novepmpW 129.895
-201 -25.219 Egs0LOWJiBqCTMTa3E7R 213.461
-201 -15.8224 9Y 338.694
-196 63.8723 iIDmWAfjuA -86.2899
-195 17.5604 eAF748 118.413
-194 -92.0957 X0tHOreZoEaJlyFHgjLGn72NST7gmx 1.57298
-194 -18.8026 mzKxZeN05 168.686
-187 -44.7038 sU3Jd1Qr1B81UQU 219.452
-187 88.2992 Y 747.611
-182 -144.733 BeipeoOL 435.096
-181 -122.297 AAbWk73dZgEfa4Eif3b9 497.242
-168 -133.565 lkgt4wl7lBzqX -185.029
-163 63.3133 0WCxXIVQP 26.0044
-146 -27.2666 onTbr 121.567
-141 -106.122 dKygSUnI0n1GjxG 630.948
-141 -97.4247 7aASUT 418.874
-139 89.9142 TAT 186.922
-127 67.4636 6jM3AtmxzFsH15lMyG 733.593
-117 -136.078 LxM 202.957
-113 -37.5851 a8OPpvolaYGPD 109.94
-101 51.8152 hCHNjtcbEpxB 562.867
-97 93.5376 k2I38a7 239.743
-90 34.5342 IZ87TCoMgzkLYiYHBcf0h 112.953
-87 -50.7097 uiGMBwVlQce7el -64.8439
-87 73.8133 wbsAsNi 657.138
-86 45.6403 HGbfIObQR5hdaxRZWqhRjF6buoR3ZZ9xj -1.30497
-81 75.259 C8Zn 652.576
-80 -120.435 h49rcl7kvUMd 371.965
-78 -74.7944 zqgWw 135.052
-75 89.6055 pOgnKZGvy -2.60292
-65 30.7372 vAqGgzATefgxMG7 -140.593
-63 -121.496 pRhaQiTxe3rLqM 139.778
-61 -76.4459 S2YiRnG 299.864
-57 -18.345 1xm15LvHixfoOxs6 163.73
-48 78.0869 DwzldYjirhOwz6K 411.86
-45 37.5652 3aNSC3Vnc7vVrGjJLl 30.5634
-37 -96.0669 gadG08 -59.6134
-30 -41.1698 WXQA4mF5RUFpCzes1lt6 -184.877
-28 -112.714 YjBUEKJ6X7n4 399.838
-27 -55.4059 DOT3OS0bLcopfQ 130.501
-18 -80.539 P8 108.015
-17 -144.249 eEjhqdG8zHndtstsCSoK 670.429
-13 -138.79 sD24bpOSHEm0gK 75.4783
-11 -0.341463 7ftzUu 794.542
5 44.0041 6p5QC0RPzo3SH0E8LdO -26.4605
10 42.904 X7Qy7O1lnRleKbR8cvSdBluU8dAO7 79.5348
15 -79.4977 jzOXbvb5jYu7RWIAWAad 708.687
18 -120.187 rqFGKfpouU 266.889
19 -99.9444 e3iOq2U1WMJI 487.412
22 -26.1971 ekyj 723.535
27 81.3981 7tQOqcmiHFPPbCiFM 271.911
29 -4.0325 lCIC 257.686
35 29.6815 EsSHe1WF 47.0954
36 72.7854 tNHoxaStoIytXy 474.402
44 -113.718 d1 554.781
53 16.5685 cKxCXWcIaY 109.846
59 -8.08494 oQKUF0iJ 12.8426
71 59.6438 rZDgAaawlhshr -123.188
91 9.65985 CUSYHClb1A 81.0945
101 -129.522 r6sSsaBWYbSOzo0 268.804
101 30.8163 7i60Pqsx 679.436
106 -66.2649 IBDxFqx1zdS2ED3w 155.652
108 69.3947 9RT32RS96ac -38.1556
109 84.6348 RLCcgQJ5yMfaduIbnjC 564.145
110 -132.225 RjOhiR1WfL1 -198.475
121 99.2959 EXtpetqjKEixZUhe8BM 39.0177
127 -105.475 gFg5bFQCCYcc4EBt 214.755
141 -14.5931 Tm7rafOfEishJaTxoH 17.483
151 -87.3292 IjHcC 609.606
157 28.7814 pJs2eSWqUU6RB8kxKTS8op1o 65.8509
160 -76.1219 QHeSPcybzVs4VG2Yg -164.751
162 -40.2918 ofvDGoG1kFnP 691.565
163 -134.36 7agwDp8 406.01
171 -50.8111 9hVqC4i2v -4.26218
175 -58.9044 WXMOOzKO18mltOI5 764.482
178 -46.0748 htz 238.946
178 22.3754 fx -165.261
179 -95.8459 ss4mFt 198.871
191 49.7254 q7my 541.3
206 77.4809 me58Fg4HMzXxe3q 122.138
208 4.67128 NE1Kz9FBcpOb0c8O2miZWBHe 146.595
214 97.6013 v2OgxuHpgcsk -186.37
216 -143.587 wCcMzS3 598.561
221 -147.835 u0TLFcqo2 695.141
227 87.6628 eSI 302.97
231 35.2403 LSeDG9 270.137
232 -144.874 biQ 6.36095
235 -59.7152 HBk2nB0fiVpTU 246.593
236 6.22603 QIfPJqdw 416.872
238 -145.413 I78qUYuzc6maGrA5vWWYKk9uz0 45.5993
-247 71.4833 L 458.865
-246 -78.2689 KY 326.429
-238 -72.0537 HXALPwgmnJls8U5H883K 784.292
-238 65.8892 BaIo0hO5TBHz 498.547
-237 -73.5978 7A1yogE7WR0EBh3 735.74
-234 47.8694 tXeqPG7UlglrvOy8rPYZ 354.514
-229 -143.133 KQqdAj3PFkApsl7FxkF 617.091
-229 -37.6507 j 7.7754
-220 -73.3079 i77Zvmfblg7JHEhYfgN 617.235
-217 -12.6822 H906NB9JhdscpkxZ 102.621
-217 35.9699 hRBkC6VI 719.022
-208 -7.02564 EujQ3KxnfpjdUgq 316.975
-200 -70.1937 aAgRG85eH8NOgwoC 459.441
-197 -114.781 KnEa4vsFC9MFOUzPzXfXO 26.4428
-195 17.5604 OqehHbOFIHIwzrMMGG2INcxe0RfKF6AI 81.7959
-183 25.828 meOXqF02qE 130.423
-183 40.2292 diEkNX1UH619XJEzEJI6 128.05
-179 -25.9824 B 76.4329
-179 82.7075 f2684 387.359
-170 -76.9647 NeJftcat 789.156
-169 -92.9408 Hodh2aP -172.73
-168 -121.293 kxawn 23.1069
-163 63.3133 mIcTNDjxLCJnHmj3Txu2L8W -22.7739
-156 31.0052 C3kSsZvDzBupzJqkSoEa 576.791
-156 53.8721 84x41 595.877
-143 -110.118 9XffWi 689.133
-127 -147.446 zimuAf1eBiObO 310.962
-118 -75.5534 N1hE8pCNAPt3yU0iX3bgAMX 41.1766
-117 15.8407 iG2sA50wOTwPLUNl2x 511.278
-116 -45.1329 y3JwluLeq 673.079
-115 -30.0804 qPDjZxw 726.335
-109 -141.977 ukvm8GrS 665.737
-97 -100.967 ecTzK0Fxa 347.388
-96 54.8017 OCNtHDlXYFP 317.402
-85 -0.548665 lJBztfdcTlSrfl3iJGyW 117.164
-81 -148.855 2WfLaH0n 764.413
-78 -74.7944 bAXcnrt5oTP3PEJ 180.442
-72 90.5609 bAhASJqr6pSnI 746.108
-67 -14.7201 7hsnoLUSDD 661.683
-66 17.9043 cITotbEe6TtQ6 -184.557
-63 -121.496 VFR6HQOreP2TJ8 750.849
-62 -24.2459 scAW0TKwJDuhsg7YKOl -123.633
-52 71.4057 4aIOIq 63.0791
-52 88.5469 syKcITmTR -81.1229
-44 81.2231 XLxCemUa82XWag 615.868
-28 -145.196 rEe7ZrxJ1zi 404.721
-18 -108.584 6eBWzJPaUDmzllRRJ 139.604
-10 -48.5307 k4vhyhAle 26.5591
-6 -103.592 XoKiA7JAja1WJbIV2Kix 118.557
1 40.1002 Zts 695.828
8 -40.0525 37SNpKldmnk1r 439.013
8 -31.0371 NU4cbGmenV2 732.79
23 97.2998 YDIUb2 492.331
39 -109.254 e 68.61
41 -145.417 B6WaKV6xd7kKSkbDzg 585.924
44 83.1761 nNa9aJHv 33.5726
60 -58.2784 p -95.9259
61 -71.4957 Sv1MDC2JSg7SYsBLJUtZ 257.352
64 -146.186 5Mmqh1I 77.6282
64 -32.8985 4wU2uHAToD4X 1.31581
67 -25.466 yGesMtEvCBjQNEYGzf -171.63
68 -35.0987 Elc4PAGAjbdeF9 286.009
69 91.316 N3RQefrnWRQRxY 528.447
74 45.6295 myBipENPtAyTdz3VcNv3 -77.0971
80 -46.5527 9EPh8BSZBntHHbg 757.102
81 -94.0465 tcY8MRppHMDgGlr 231.76
83 -142.565 vv9X3 738.332
83 -103.559 TUwc5lQEwodXOTfrd -7.7142
90 39.0822 piYBQEIYInORzvCoXF 200.917
95 -114.485 LoHprA8rzpnfqsTY9bDKLN4gaRzgc 51.1945
96 -92.7536 hLzpXXydpe -33.292
96 99.5653 t93OQ81 -24.9213
98 69.591 dxhA 359.422
99 79.1342 wzKJ3TB -92.0355
114 62.1693 Rym 458.221
124 76.2628 1iuykDUrcUEh 86.0287
125 31.1626 2D81aLCv4zet2JKnNDJ -5.87495
144 37.9938 0EcbQSXArm96Az -29.7748
158 -101.776 7J 71.7242
158 -3.54174 Rg9XKUFr4iM5jwGP -69.1355
159 0.437597 yXZEgp6YYWwIfw1 -113.947
167 -125.38 bJ 550.06
169 38.1799 gES5FCaQoVFeShVth -117.654
170 35.7093 Gqx1Y4qBYB 271.361
172 45.3687 ipYV5dD8DSG 630.765
175 -58.9044 sJWgpm3Xwq7M1k 62.9488
178 85.5763 xw69iEPEFj84 108.608
191 -130.01 wEtlNn5 605.114
191 49.7254 nLkfHy0xuIB3lH 71.4039
198 76.4538 kCdK4WOnR0kqGVFXPUGe1RKzOrF8 -24.5002
201 9.55346 LWx8lkD6jbUD3JHD 407.575
202 -88.2873 JB8hbI1IzVn3C0i4clB 137.155
208 -7.9892 Ioij 114.123
217 26.0286 WMthkqloACQutD0F 291.289
222 -23.8871 5rhFjhVIt 288.828
223 -72.8229 v0R 59.4847
227 82.7678 PNybA3rfGClaxNHe12Kv 115.447
228 -33.9636 NZ8uY6OdEY 253.161
238 -145.413 86 81.0403
238 -33.5224 pQJN0iwDIVnhXc0lJVgD 295.449
