1000
-26 -94.320894 1CFju 147.457119
10 42.903967 iyRp6EZi9r34p2 92.797102
111 -120.474016 sNRe 21.652551
-188 -11.865589 PDtUbPT 541.138199
-17 -33.921057 vRZgin -123.548562
107 -118.018505 G3AAainsEWKKNXFQb1LD4Vu2bLkxCNERkb -2.945470
-149 -81.620158 cK43v2tAgIRTojOvgQ 212.439071
77 -130.949408 FMzl4UUSb7v94vB -115.832285
16 -16.848231 MGndFzH -34.839961
-128 88.108863 si1xIuWf437eEf 395.942218
137 -95.403819 SYtTooXGoXAJiy 239.620756
6 -10.477467 lAUKLHc 272.924057
-122 19.563365 DsXpe66NDh 694.110941
-71 62.508900 fCs8mOTOFWbV6hu3 447.478204
-203 -114.442553 MsIb 239.682410
-38 -105.130765 sGr7uykzFDP 23.261427
-84 -1.011056 FZTA0RvzML52j 380.907098
121 99.295920 RxndZivTRIyUSFbdYI 31.490508
-247 72.892034 kRT 270.257853
245 -50.413768 H8Yaqm0lO6QNp5m86SdbPuubSCuUP0wB 96.259901
-77 -77.483612 x0WH8 -124.940241
228 -33.963617 BRfAV9fxk4doIIPT0JDAqY 153.153440
209 -82.528276 mKMfOSd -49.831542
-34 0.327559 w -52.822549
184 -102.778498 2TTdFpRRU8Oc6qYuRrn0 338.978147
171 46.223898 Lk6kzLgQQ 474.931659
207 -51.794104 qxrB9Q798i 437.775671
-165 -42.807513 y0MRXnfVBG3ha0zP 234.542178
135 99.166964 y3DT61tX 701.529947
-218 27.798637 BihngtPr8x5f8sZLgFK 225.653154
-81 -113.490318 jE 282.438136
58 81.155867 ouWXfLGv 781.136105
-69 51.176497 BCAYd8Y4 11.998916
-14 41.098904 O -83.985945
-33 -91.866948 qZrCv60JLE2hNK7JsJ3rwm7To -30.668344
-203 -114.442553 IftKfv1fSDjfUm1mbcdG 122.740388
-219 -15.347256 FwnDvoqqSqsvetG7 519.438597
-213 -100.170215 0NkSaZocBW 614.039989
211 -132.101673 YsZ7bOgjyXLs 183.643942
232 22.101238 y3pZ4orkAPL4 407.804227
233 94.787916 FJQ 25.838445
-60 -119.450866 Is -37.597964
-239 -106.514250 fSTwm0ea 263.174344
-126 85.952077 6SuH 705.694922
158 -101.775748 xXJCE1RUnYP 545.003209
-71 -45.575540 gyq5GQPRdu0KwF 323.501385
-195 50.312653 SXjfH7M7JjzdrUjLbt 99.238620
-152 -74.368579 3FFr4u9 738.845341
-102 -133.266902 BN53 -3.134710
217 26.028597 JvDuxXK49IqVaENX9wDFnEhWUMx0 123.020048
186 11.753521 qXmgCABedKxEM1flg 71.501179
-180 -99.423410 7 798.106141
-197 -125.107258 uKnhFjQZMpCnMc54s9F3 -135.584468
-41 -122.376898 PQuIGiEFeRWdD9I -94.351027
-73 -68.679157 b 606.149427
11 63.159932 Yu0VLdItvKRzeDZUXhjntm1yRrjcpYgRNPw9q 144.886360
246 -5.344813 WyNvOKZ 334.772133
183 -77.866430 ffjyK8f761Egmc -128.945079
225 -49.587863 nIavAOG2glCIn1aBgcUMDxJVwYymep8DPHG 13.556531
-169 30.020478 3z7DnvNUDgzjF 333.062897
-188 -100.984938 R6utQZeYBTdRI 452.245078
-219 -15.286915 TvrFIe -23.306592
121 -56.339098 Vrx2oPiyy3HyZdbS -124.877094
9 99.674021 2wW4l 674.820825
-53 37.284160 MbTxfBQBTzKHNqFcx 110.116211
74 -99.138152 NjD3dYmi2rZs3WHOB 212.147662
11 63.159932 N8MZJoJIAjcF 717.373073
-153 50.281661 9Q6SFE1ISjZwXFxWv0LxwsjOm7DmBnXf -19.795553
-167 91.292078 RIO9BqbZxcwLobbs8Fssy8H5NgPh0FhUwHewxs 7.086371
-77 -46.962422 YTH5TP0Ox8Helm 725.833344
-177 -122.892229 fdpTrvN7wHbTdty 353.697268
6 -63.531702 zdPELXt5d0CdI8X 339.303525
120 -126.830933 1BBfp -142.605053
246 99.454058 5qX1v 307.348459
-52 -148.361903 oF35sAkaiJ6Hlr 313.574832
-43 -101.764024 kl0FObHoj1yLonjjRm 693.343913
-209 27.913884 N 420.724310
223 -108.696295 ZMh0pjiBeGEDLjhC6Wv 387.353862
163 -49.336241 TJmEZLcs5ssSt -150.423927
-20 9.716874 yb1VeAO8dIAlWhqHmqUfdLfF 63.290643
136 -15.162383 bygSKKhRuKUOAcROGi9YVDleZt6HS7Z1kVLjiY 11.761691
198 76.453769 nbdSMq1KMYtyibR1tw5Nur4f0NGkK24O 129.127539
-5 -119.796299 QSS85WNlnQKjVokAv 727.671125
15 43.978717 s 121.401867
-148 -42.807240 7ldSj8UVjuFWDEuVwY 555.320165
24 72.151902 DR5GlpnmSH6XJ7UcXodn 318.410585
-218 27.798637 5R7lK9VjYKelwSq3SWfEgq -1.064518
-136 -55.224005 WNXa 28.032869
-63 -121.495682 5HaWG57z 4.615637
196 64.938813 sav8TPa0ie73E0yuSH7mp2C4Unwsa3thhE9LpS 51.705894
193 -63.020266 5czX0iP7oYXtq2 575.940364
-197 -114.780558 hFpsqMxI -41.650582
214 -62.779005 mBX9PQRk 485.285444
7 -24.306975 enW4llyNTD1gNZv 298.300287
191 2.895357 4kJSKCHfM65HC4nRU7 80.817120
193 -63.020266 PDaLpPdvY4X1XecJUKpLmXF1IanV3b9q48lJOoG6 -10.998758
86 -6.484481 IiHAlXEbnFSpK1 78.363798
174 18.485012 FvhghA0xLiEopkXfyfaAFoGgJgnH1ZujvOs 123.570773
59 -65.478862 0q5c8X 209.249015
-212 35.630151 Vi -37.964522
-153 -72.148798 cCEWwXLjaXj 732.333600
-118 -75.553366 sXcueGMBHfBzru0no3 663.218850
-118 -142.486966 D7Gpo3TQwgdJzO1ogmpcsAwQf70KJ2Fq 6.637149
-248 -113.719536 g9nEzYngjmEYEsGEJHv 186.061413
211 -88.971203 eUiD5y0vP3CxrhdoPhRd 531.213388
-30 3.479643 GlW8WgJ6 -194.874175
-32 27.203211 NDd 97.363715
178 -143.256999 qqoPvxP8YHyVO 147.425099
-132 -13.237433 Ah10YMQjX4p -118.400676
135 98.201397 Gi90CYHrrM9NbecZ7jf 284.819902
73 39.167277 JWOAO 85.723249
129 35.510788 0OwdTgMDiQ0 94.415068
74 -141.731183 2Yypi0ly58Zx3f 754.670354
4 88.841517 xxTVwRY0q -14.173768
192 -39.971319 s7sFj9geiB5DPSG 307.853650
-74 -115.199927 0aL 83.661247
-99 -69.811672 nkhwqJXtBm 82.157182
201 -98.007684 y7rgJTeYTahcNLdo 335.905527
245 -50.413768 UJQWwTTwgRz9f2LjXWr9kQkWGsbABwhl -36.987151
-144 -61.424603 UJ45nAMlDJy9CzOL 528.253982
-215 -64.243172 0gqGjK9kEPfo -80.070989
-54 96.577666 HS4L2b29cYgMmF0SWTMfVRNztz5 127.077988
-165 98.914660 NO8MnIpMUqfRg 685.120334
111 -120.474016 DdKar61vcGOpECcwjyz8 435.504778
14 -88.923508 w1 266.886183
-155 -11.839281 CsuwaHK5H1KCkU5G04PvKPD 72.077916
138 75.120532 qmiMp9p1v -116.869567
97 59.909692 i 511.126694
-146 76.773143 p5tqyrGeETn2Z -123.729421
-131 71.845180 kzzhMZagNpDPn3k0DDA 796.805975
132 -18.650902 PgSZzCUeONeUDFTaR9ULkFM7v5lFO6gxRJzR 28.906467
147 -139.094556 bwh7TVO -38.392648
94 97.568652 Xvf4U2JyMtAgwiNelw 212.909030
-110 47.296417 xsneYpZakOsgjKnxRnF90 70.703442
157 14.715770 9MWvcJ 347.433933
73 -76.216079 AErjdMwj83 472.223390
-143 -132.615985 r5AwbqtxjHfcQHNWsntEyQgklRMko0D04eXZphii -12.813746
138 -36.818659 qmVFVRLT3 729.591712
-127 -20.617699 uqxd 583.996816
-103 -80.602173 OT2gLPedzLOwtVKFf6 -110.111183
170 -104.852806 5WuS9W5252NNsJ3acujeXzjoi4wY 132.354352
-153 50.281661 83JdCl9aUbI9S -100.709639
-185 11.335445 YoCiPEgtw 327.262522
-23 -87.988986 I3He5hro9E5hV 318.248274
201 42.209618 9L04j -105.004142
-77 61.261600 hl9x 615.512228
-195 50.312653 9fDyjwL3j5N 394.310933
-64 43.554695 i1IJFNOnL5EgNsh5ATQ 282.660417
-182 72.939893 QxXpwMhnHiWPRb2JzCuZ -16.510648
-102 -134.247339 yIdQIr 726.630926
218 -17.891534 G9SWg4xfk5fWkr0oGyBY 485.362784
227 3.801514 sX9bt 494.391367
-49 -109.581447 LYzjuGO6tY 602.941632
-126 85.952077 e 11.209582
203 15.057901 lS5KBn9uwkuNLGnn -118.127443
47 -15.676130 c 653.229967
183 -95.207540 SNN7G1bbtIt 718.698750
-170 -18.844953 TL 687.598009
-169 72.545086 cSuhePN7iWhC2bOuVGIglmixZbHD -10.568071
71 52.702843 lacrlPuyCs9dtqqULqwe 227.678719
238 66.025721 zf 554.665698
180 50.010570 Kq87cv8M56pvs2ln -136.205963
36 -51.478611 LOlw1zwlPU63ZMF0wufv3b0 102.590685
-68 64.896858 oHFJidKohSpNkyQT 144.066225
-233 1.558425 1N4SU1ITqQP6hd 353.772539
249 5.914265 MH8F4RYnNWeVe3sUhZ55qBJ5wDWc 134.713639
198 76.453769 yexNMUyiE8mVZ69DY2CZCSjeeV9YKICO8og 38.802912
-72 80.982668 PG3a 784.780785
156 -139.509492 BNfEx2GEui0Z3rbN -190.606869
-166 -94.757177 eVV 587.945725
-249 63.164894 1YJD0GMq6xB1f0Bu 274.401727
94 -106.443232 7dP4XA7VbaIMIJGpQMoP9U8FYY 117.454503
-23 -25.613897 OeqoV6GueuL 724.822571
106 -124.224665 NkOkzcY 532.787687
-97 31.467382 PN0 -12.144702
174 18.485012 wvEYqaZt6b4ErIO 649.565613
242 -93.816880 r6Cm1yAHwv4eRmwEbISH1bROr0R3u46bZz 134.247427
209 -82.528276 wcH 117.646277
-202 -4.894268 l 582.707254
-90 34.534206 zgYBBLQk 37.414140
187 -10.793542 i -157.704626
234 -31.010881 ym7Ud648mnFcO9I 384.956271
-206 -100.304120 IwVe6owMJ7pjflUWEm -89.117551
-163 63.313335 W7ZfReMK 140.131138
178 -143.256999 B3SdiaCijYyDjaIS9PY 27.547581
16 46.655327 7pYmfrlIma6ZW3DjIcS 23.038488
93 -20.008963 bMQwDZUQ1 344.897402
-248 -60.861104 TkwWpJkG09HY2Hgaz3TGSo4vdGx6FmkuS3Abqf 110.565210
-132 -65.577957 tnn3o9mDudqSH3fQQ 481.523223
-52 71.405739 PvaRpTK 439.904626
-207 -107.103608 JcFiDxVvfBrKPo 646.355645
192 -143.987572 ncJVsXp 52.561266
-20 -56.596576 2gXK4lh0D7T 720.930104
19 39.951062 UHvLNkp6o6gc0yfXF -193.557394
-81 57.774559 0M8YoZaO 637.602717
111 51.404979 Nu5BOYFe3A 643.848796
-249 51.281239 1LxBQTAEWm7I 283.915251
61 -114.191604 YFki75xCV3 132.607656
-129 -35.267299 LKa2gGrZ2hIwv3yhDXod 398.996457
145 0.858220 Qofer9pVMDlPGXLfx 85.180866
164 -27.816177 StHrUVjTF1gy -10.542716
91 9.659854 fP9kJxXoNrbvF1y 504.404732
23 -85.796287 kc3tqtpxjdJPD4MvWQ0 50.119247
-57 -2.853548 s6WP0VOVM -110.943061
64 10.319813 L5KEZ7E2MpGrI 65.915487
-73 4.361357 dC2MecWqMN9zK 192.891396
-62 26.678980 1w6JlILjaH5lJHbd 254.136129
86 78.059546 jjc65I -86.692590
27 98.574523 pS11uLsmYjmWtvzOGH7D 659.323450
185 15.506545 RYvIqH0 -188.959489
59 -8.084937 poHczmh 401.024548
218 -71.099966 E72B 125.039406
243 0.582166 6ZU9ZzDWhQPOg1hr 450.744322
0 -26.193050 q1Srhvy9veNfTyskCX 533.810253
-157 -130.940666 FZnhc 210.758421
64 -19.287045 PCP0LUMSkF -22.128681
-226 62.890080 G39Z19QYunXZF3Rxn9Bg 196.063867
245 -50.413768 UYeTQGTqIl38Vku 77.954958
-197 -79.836147 XODynds -104.387399
-223 -59.141877 JX9SHYSwW 531.606068
-192 -43.693480 LpiBob94j50idg 98.180650
-98 93.587480 BWqxgJ22YR0lCkA 284.856741
-219 -80.602537 TdZBF6ZZsPDluE -96.210706
-37 14.192764 qDcn2d1wsivfyOiC 677.618946
-57 -127.131752 I83l -137.240301
-60 -74.121589 YBfWc0dCUftJQ1YJEpAF 240.551505
-203 -57.734989 RyyKJCX6AxzESGX 512.880575
137 77.302459 PJ5aF 545.633505
-10 -73.110569 mkCIbKhosrnil 517.768651
-48 51.463929 gVBi 777.582754
211 21.252614 0ufvSqhZ8xmcUlfKSb6qfPyJgqhYFOa47Cnp -8.167907
-166 -1.608510 R7OyjGl -13.592446
39 -112.211014 CVkm4r 360.631636
-83 -31.174713 kktl 181.423078
20 -103.183911 7HyizhrtMlLH0XjimG 411.870925
112 -95.531020 IYLlBfrFdcZ6vf0I 267.154990
-236 40.528701 FZ8uujEEkxCXN 502.167754
221 -25.250656 HEmNfS6IpLeImhy 513.164851
56 -120.210061 S69F9nb9IUes1gID 130.333511
-185 -125.110535 bkvzs5f0XSPTQZAKh 344.088440
34 30.944923 xxaJPVZwleMbUN79fQ2bqim1fXa -31.309057
107 -118.018505 J 610.998855
-167 91.292078 72LCiVbVU114WCGfE 20.256096
129 -144.997933 QFn5mY8llFQx9tpw 538.269017
-200 -82.946683 YsMhAIDVTBWRsb 44.312260
-131 84.038164 N3enSq88sGKt9kQdq 377.040245
-92 -75.625219 x1r8rt9itfRaR5t577I -108.757948
167 52.529616 i2DleKS3QP 635.721880
207 21.853294 9nohdX7aqXtAhu1l0L8S 265.505140
210 -120.256426 NX6fvkW5DlvfbPd98iwb 621.258538
-78 66.792158 jxFUU34xqMdD 136.791766
-248 -113.719536 hxWQPfvx 150.957412
-54 74.913948 goofcmY 54.586415
-157 96.781313 4T 216.994135
145 0.858220 b 463.073679
-77 -46.962422 VwJ0qrC7q5JjZGu554PuVFZ0AQw -0.332270
-172 80.731850 yptzM7YVyB1r -1.763327
238 -102.420197 lA1zgnKFNObaSDN8HBwg 312.370006
150 45.629202 yN3cMP6Ab4 495.651223
20 68.169008 15Y0wORRCf5yYizoG 20.862695
208 4.671281 hIfG5f 45.967193
-11 65.303079 Q5PrXUBE2K -142.634233
150 -95.801264 h8kV 723.386451
-191 -24.689602 4xuZA45XK6KLM 413.666258
93 -1.279655 8 -112.288856
-41 -25.073611 D3eBYS5IJyYCVsPzp6wnsPZRXiea -0.582030
24 -121.975335 Mcb5rT99 418.774578
208 4.671281 Yi2dJNoAHDcajWnr30 -130.686636
-10 -70.301270 adW5szv4 647.448700
-148 -54.798463 x4cXI 448.924625
41 51.018661 OZ0bJCiMjxp0JnNC9r5E 365.458301
203 -81.167864 aZqr 84.938803
65 -1.970776 ZHh9NE1c2oYM7J 160.144846
81 -94.794443 jjsiTFH7ijAg361hzI -152.055186
-111 -83.649707 VdCq8g005w -109.086476
-169 72.545086 PxAo6bkXZLsyQy 258.966039
-117 -136.078363 cqHzCGFukeVMuiMzBL9C 27.867500
-155 -11.839281 o 261.066146
86 86.810294 Nd1gpiuBzSWIMF 118.748820
106 -118.411343 0DY8SpDQHKjtXiq36Tnl 784.910360
24 -121.975335 VHKsNyPUZKQkBL31JIsGnTEGtSk4P9k0OXjgNH 51.300956
-75 89.605544 U731KKTdHkoR8 28.379807
-28 -28.691036 HDVieBlt25eVln 797.537259
213 75.982919 ffDSipk6rl65I7xfNxtFjewZDjaY 8.423107
205 48.026300 UZ7B3l7VyY1ay2XX -111.961980
14 -38.294133 hD8y87kR20XFumN9H 309.760711
82 44.248904 vk5Gy 159.246076
-100 63.963327 UqqnpZhWAEwvib2uqJp4bT5FWxRubeN5 99.837467
-20 -102.153363 SP8BJ9Aeqmbgki 737.492470
-131 -117.403042 ZcyWAu4Dydb7ENE2 525.452158
123 94.735693 b7iOgpIhCJpDaV2WOheHJNmDt -35.744787
167 -4.129159 SRuvLQy3CfdA 70.801126
-238 -52.671924 pRzN4rC 338.470648
-18 90.909703 7JZXJSaqQiIx 24.650103
-161 -38.171703 ceeHuKZKiFkqX6VP3 6.006890
78 8.034886 PP4lyOP 231.635134
218 -89.623501 5CbsvMW 274.783505
-39 -31.888843 LG7Y12qsuYX 510.141392
-118 -38.374010 ZBc 672.385169
-151 38.398908 nYXHdkmVsJqZez18ej 21.096606
-202 -140.597479 tWFPYof6V0dCcpCq8YxBQLMF3AdDbhTA6C5yzM -25.548248
178 22.375417 lr70rn37uYbd1T1377tKfqlET31owT7UHnWMOGN4 -10.047377
-238 88.510694 Lmfsntz 97.343978
-175 10.852030 BK 224.889133
-78 -140.240145 RxCy4C12p0Uda 569.075801
-202 -140.597479 aqa3IxhdOOcFMYpj -38.103715
123 94.735693 QK9WzuEjOXlh02 186.886504
22 -127.269670 UXUXiLL03upJxLSQXCn -37.983308
66 -83.089289 Lq1sgadqE 320.983195
-242 -3.307560 nmKMC 586.237904
-232 -61.595129 oZg7CChOSM34BBb -166.939492
-109 -37.982115 EOaA 270.657800
227 -43.776019 F1gtfjK 679.888046
249 5.914265 fL6QCyKFMpfvZD1cZH 330.497407
-105 7.661268 cMKo5gzdRq 708.302997
12 69.812082 tuGgZ -54.529497
-16 -105.419097 H2yEox0QZJjeg2S 68.421337
31 -127.089700 UFIMITqRT 489.545317
129 -8.785116 O4UeoLi 198.441670
-114 -118.199488 wdS6 -120.875720
-116 -119.963301 fzELwD4 740.469412
-149 -3.264087 1Y95VLCxawOS 460.266323
-5 -75.112097 BsC9Lf23 297.985257
-192 -145.800984 XABP6D7y -175.448765
168 43.899304 A0 714.599691
-119 -7.635664 ybenQwiBTn3QiVR7WjGMvXZL 111.782740
185 -141.899206 CRl 176.767335
204 -71.814419 vLaf 33.097678
-157 96.781313 FKPunuYFPk7LRZjHIHTaqgupP -30.263265
-229 39.247231 u6Ey6NSzG8rPPgyXyRA -186.254768
-5 -75.112097 TXZG2PHhvd7UYj6sClYrQhFl9LEe4vVIcp 129.461286
126 30.151448 2 744.488890
48 -83.959180 Z65cjFmipmuADrJ7pzaMXDoCJt46AA4B7F4KyMqJ 155.883011
225 -6.156821 d0Zm99d8gkbTVKlzMxE2 704.764038
-109 -14.088442 J 354.013136
-126 -84.236128 XhtvRs53hTeODR9Qft 398.981643
206 93.771098 Opy -2.735585
21 38.885010 tOULK83PUGohl8d2q 140.947188
-36 -12.865960 dpHxj0Q8J7J5BqMu7 88.848713
53 16.568546 jfluFKZlgrpXYeOBiI 86.178990
242 -93.816880 wlD14niIiGcTw1IyD1olCbkShuQV67vrdWzecedK 113.503233
193 -9.848090 fPbrTedvSbxSDNyV5 749.841627
89 -58.910498 ow8oAm0sis 773.300512
220 70.798166 gTXQrGnWV43Xp86 402.809367
6 -38.522172 YbtpSaLxm6be5 283.816518
70 -69.245889 E006 -167.041373
-131 -138.580431 gUd57usH3QhEb 755.527846
237 -148.616580 xJ9QyoyuCjf3AhoYZkV -96.339917
-4 -129.272409 RCMdm 143.966394
100 42.191468 48F8AuhcrO1W0AC2 478.886827
-41 -122.376898 cAW 56.398376
-54 96.577666 UaG9JPoPs2pq0eq 134.893881
-87 84.494708 0HktcSfzMtpdf8bg014YrqlWShNzfOdkhchJs0BU -17.177877
102 58.112753 hPvJtNEhl5DGcRxuBi 582.724916
26 -85.095550 dhbjllFM 68.700565
-141 13.306758 fZw4U1UxdU 361.117539
-59 -58.106950 uytbO43a9mgI8QzsJ 435.554658
167 -143.671494 9OGiQPrfrZQ -107.309199
242 -93.816880 G39YwT4HKDauws 68.805454
71 74.675132 Pd4x1zskbFRLuUAGTF 577.599896
174 73.648308 bQavxOtOsuiWuj 122.743157
194 0.930182 I7cX37CqM7Tq 600.192716
-36 -144.960145 uR0c 97.256077
125 31.162608 A27qJBYsQM1bwxPu 308.178038
124 76.262756 mhHRDeGXV0sTxMI 102.461234
232 -139.631868 jZbOEJ5FzkQnR 227.385925
-170 94.212987 AuAlWb08E 572.391226
-80 -74.344583 Kkn6e6lVbBNRLQT4mw 171.429715
169 18.163922 jGD 417.705882
35 29.681467 ZBWgEd3fGo -0.177154
-6 -103.591649 D -67.351628
-75 89.605544 6m4AukBKYzcY 577.140517
119 -124.364558 Irtx9hGXvcAVThd -164.350462
-249 32.098828 rWZMo6hlI1e1d 682.930869
-5 -49.702873 lUArG -198.486212
-240 -137.778171 JBiHhLUuRbGt3dugneMf 496.797259
-182 61.560261 FABohja 608.805461
-225 -18.289464 t 448.786298
-131 84.038164 PUcLMh026Y3O9ositcsUdoh 39.321060
44 -113.717658 JYgXHePHiAq6raEQC 150.766058
-76 67.882656 IbAHIc4ghuo 703.758055
188 98.490744 WoMMWOp 63.628581
-229 -80.776709 CUlqBuHNQo56Hpl -172.647232
-104 90.431157 60k8oRwE6l -45.910592
97 -86.468260 MFgXNRez6OJe 586.376883
17 20.231460 H3kmJI 253.709938
171 -17.900928 VZ 467.693645
188 98.490744 G90xlLMEI8P0hys 92.990592
-32 -74.052806 oL3O7zYHBeI3KyzXIE89 400.547049
-246 76.193656 XpsNes56oQ4w1ZMLiRE -74.885526
-23 -148.340228 ZeR1DOwY4dyv 748.807448
86 86.810294 qlCkE -97.662785
-185 81.499452 OVo4PJL5 278.321545
5 -142.728911 V0194lSWSy 553.416029
-169 -65.108343 TGgzZ 751.119766
119 81.933834 u36eoNg8omFZ1 122.516625
-245 -113.695209 4HzdFoL7E1l99dDUgTW 283.235592
94 -106.443232 DU7HyFoGKHuPW4zlQAY 24.062831
-51 -103.318556 XWsWhPbeCJdLUe3Wwz 271.937155
-181 -88.264756 p3s -108.380976
-131 -26.900946 XYIx1AptrRfj 358.494377
-43 -101.764024 aOfDqVuUn2qBlqap2x2rNPNdJWxe92faz 49.797039
-68 -26.269206 PjJWkXM 620.481739
234 -46.958869 R7a0x1hSu 397.117273
-3 -135.485225 PRQ3E9XjBX3IFYTvoi 254.130910
-120 26.473267 gTaKi8 338.718451
-185 81.499452 YkygwFTmXJxYMNfipY6ZlPq 24.349835
-40 24.275668 GQR -160.820796
62 -69.288701 uEP5M8hS -101.187554
132 -18.650902 hEB 770.612920
-20 9.716874 qbMmnVm93AvDEFeJ6IvtmT2 -29.138358
166 -41.664427 90mEygctqjtRfUytwd6g 599.054578
-168 -121.293192 ic4Dt5LOtNJPztPIO 627.843651
-137 97.059900 lXMAt2TCBHR 406.977486
197 -116.899708 fxaPPrH 640.606715
-211 -46.771566 mGPUSJNOlESWqjDxNH6 119.535807
-181 -88.264756 e9SlmhxViTg5DbXFr670B8iHQCVSj -39.399316
-248 -60.861104 LznyLYJyoxCOr7XHFv 324.503372
240 -51.048494 xuY3pwYOarhUekwzT5SvsCNGOfO9GkBWWf 30.236600
-227 -138.661813 Wtet17HTY 692.506670
52 -4.235288 N7V8Z5Cc3UxVoB4x -128.332668
198 -149.610315 Ea3Tsq 110.322594
-87 84.494708 G5D 353.141547
167 -125.379860 im3T9zdP 121.921078
207 3.770971 8PtWtUm 630.329571
71 -38.687153 hnWKu 212.482093
-229 6.826628 fftspWfn8P2u3FBtvpJwiQ4CR 91.466214
-94 -33.145257 2IhDRfKAtc 170.837648
-76 67.882656 LE9Xhp 19.412037
-39 -9.703339 yj3RrCR 577.973616
-110 47.296417 c7vpJ 100.603677
-84 49.164830 IjR7a0SeUtkAd6c1 -145.835557
240 -51.048494 4ECFzaHD2YXv4qSLj 759.716821
-24 -0.938051 wQssSYAOvzZnvjHkUlh 162.220983
-212 35.630151 o 89.101903
112 -120.014222 K1znrCSeKpmCwG2Q 786.910099
233 71.099998 lX1SEaFUU5v3CatDDxgE -188.540412
-167 91.292078 LQkPbtF 137.621188
-144 72.505240 L6Y 474.774550
-84 -23.142603 MDia6TTQaZdfnS51 -79.512294
-143 -132.615985 R8In3V3dSWOugsiDW3 131.103575
-74 -88.118399 bn6FNx6K 377.555601
-77 -100.063908 DSW9 653.784010
16 46.655327 xc2yg2mOgOy7KZrl 5.586889
-194 -92.095706 6FdbzmQE 781.536426
142 -142.569491 u3iko7bifM 615.633106
149 32.954885 z807uXo8uSIE 236.256921
-77 -46.962422 zL1yfo2bMPO 17.599131
196 64.938813 atwH3i 148.101223
187 -45.911042 y4B3oSFo 163.380502
113 53.057016 rySSGGPGekH 712.179164
-104 52.324879 Be 771.068810
-234 -135.146988 Gy3fzarI0fq 767.696430
110 -132.224920 BAERae0IOSXQDBR5 -24.044645
-6 88.237725 p7dJqYDD8lqd19Ait 402.688963
61 35.949809 NzNMehgrBUJU 274.852976
185 -94.767130 wHlqszjKY9G 81.820181
-48 78.086872 bGaRnKtiS4Yvg4ePUAydQP3Cg 74.885491
117 -64.396615 aW09S 788.537810
-98 -60.224175 1Yb9XiJSoA0R 388.546176
-91 -99.706892 BUlyP8XpHiK7GN3wz -92.716588
166 44.900753 f 375.466474
-98 -132.912817 2ciNqIEhB 451.300891
180 18.131365 O4bx1Hz6MbnvBEJjCiZL 94.730528
-75 -100.203481 3FinEkGr -196.549115
215 17.436624 C8YeRrGWXvoh3obeV 167.704093
-30 3.479643 IKE27GkSjfDP1vBdq 107.379274
193 -9.848090 tJRGQDtncDarnY57A0Rw2MWnM4 133.811305
230 -49.237878 VC89UHhIHZRSUZ -99.453528
134 8.268883 cD9ruGIa50wPGo -171.618673
34 30.944923 PfOxrjKe98zd -130.795306
185 -141.899206 590VWAQGxBr5 32.788051
-18 90.909703 0nLtfo0 366.450007
214 98.724398 eoOqVyk 658.736935
-72 80.982668 RzTKoJilWBymac2 44.478726
-72 80.982668 Yw1nw5Ua7InL3dUwb 75.171666
47 -14.093714 vy43QkI2xvomj9wQ5dj 328.181636
157 28.781421 XRkTaWp0zyoe6StacZE 539.211270
-161 -38.171703 2TYq7A0IJs6xz 46.332901
-40 86.568975 elGf5CY2t -84.674917
199 -69.633627 1oGUfwBzFM9Oua23ni 729.475765
-90 -128.893324 AUb13lFtZqmDFJ4 484.091331
199 -69.633627 QLGmni9x6YaNAYLqLSvBuHXR5J8MdLzYN -9.617316
23 -127.911303 6XGK9WlWm7 -71.162187
237 -50.876516 MPs 138.700499
-87 84.494708 Bp9nZjEXLXagL 82.533577
-119 -10.198965 ENX 405.541218
-136 -67.841596 NKJnfPalxlZTPT -21.011987
97 -145.833307 7bFCLj12Q 71.207641
194 75.072214 es6dgCeJv 87.886158
-45 -56.728766 2zP2d 155.826627
-13 -138.790402 p58LZVEkPqJ 526.270416
-87 3.295256 FV3bE 395.935647
-34 -34.985472 l 409.408019
-27 -55.405856 XR9dQw 371.637140
112 -78.609500 cK6HMnA1gPXlSDm -31.253289
-35 -134.470877 otz9 235.557243
-217 17.373493 kr -29.223616
-84 22.858248 XTCPsZLyX 259.660726
-121 -87.077267 zT5yEtqlx 140.987934
236 6.226031 pOZb1mCB6P4mrxMlbW3FbXxhKzP 158.358872
-174 -46.898429 Q7fJzY 207.818185
-26 66.302703 enQWU7U51DTyq4b2W5fFD4p8DqtSB 94.886356
105 -132.842693 Ekqk1Ye 755.155036
196 27.940216 I4NjCxlIeJrW4 400.985562
180 -2.417167 EGNcm6u -96.976261
-52 71.405739 fHinLjj6Lj5y1 133.653920
187 -30.766343 peMhfKuGNyqosXN 375.757031
80 40.811577 M911sw9Ntve 91.627048
36 -51.478611 YY 47.435952
93 -125.133031 mqJ 673.541967
211 -13.156904 KJb6t 474.516220
103 98.093204 SCdSmcHQTPURGLIllmGMp2DOxdf 45.212551
225 -49.587863 jZR3OLclKmAC5BkE 658.123447
-81 75.258980 jgueqmoB5ITl8XGd 7.688606
-68 64.896858 kkC 590.425469
47 89.506363 kOWhZviiuSZ10N2pa5De 84.476047
179 -24.545149 R7KHIvQ 398.280664
113 -9.349421 bp 179.918489
158 50.046376 nyZXnvxo2OUvV0FLx9 698.900001
-119 -7.635664 lHJOhBabCInHVo74npA 709.917731
-97 -100.967040 gUD4SgMSS6GxHAEDCawD59m7o7zpUktkb 91.431089
-143 -78.132372 B9slJLR6JI 237.802153
246 18.440935 8Z00UNlgWAvncCj7YIy 462.383128
61 -57.261682 kvci -47.900140
-153 -87.168448 7Bn 342.333790
-198 -124.012692 b 498.721162
127 -127.907533 AZBvbcX6b7c9l7F05GyZR0H2pGSMo 46.780208
73 97.489452 HY5LpK 790.134477
187 58.391320 ysMPO1RjktdIC6gy 274.361517
149 -116.942789 ZU 309.900608
-169 -60.220860 wtI49CLblxpUF8ENel1WJHsWwFG9qC2gld 116.665696
216 -30.411229 G5r 1.978528
-162 -72.388744 kIg3 115.384844
223 -72.822936 7lYvkJOuF5eyTYP5F3OgRoKxhpPXLpikfd6lhRUP 32.677042
213 76.038065 63V2iSR3M2p9 395.706022
64 -19.287045 IorV1BDLO -7.774484
21 38.885010 HFSJsHMm 65.978434
-240 77.823962 m9tSNiUQB6bSUWQ7PBE 273.535265
-188 -71.911183 wxb -51.483194
20 68.169008 TykRYhZqiBWR2GoZ 368.910909
-129 23.242272 V 574.395707
198 -56.300081 Qr -169.397748
146 -136.346008 vgYx9sKApMwq 208.632014
-231 -27.018720 LVN4yQeP6M 205.105028
95 -114.484598 v9p6UjQ -190.694497
-192 -72.025357 YiNjhkLZhI 464.642420
18 -16.349484 hZVl1Rf 8.394939
-18 90.909703 cVh1BRXrHtsfuP 96.562717
143 61.130464 UQKAL5FgPDEtqF7 -25.759371
-211 -46.771566 V 132.758380
64 -19.287045 YNfkI2EqVGralsrnGHIgvNbjIkrzpg6WjaV7E 38.621367
30 44.094290 VJRqU56Viz9B4JFHTDq5 733.505744
232 77.295027 uoeExk0BqW 725.313014
216 65.772355 YgMrkjVnSkFB 731.197533
31 17.773198 Cr 612.732461
-26 -127.381344 M0y 435.595087
-20 9.716874 1FECyR 249.494386
-148 7.835544 NDQ9VGTpQYuLq5xzUFvyfb1z9mGk1V 5.129342
-44 75.701927 V42 180.225013
-58 29.253945 s2TPbO1N2gXaymIwshwt 25.494118
152 18.016332 32drFUMO -101.765449
228 -8.856764 D 418.261697
-193 -135.500637 6HMw1ReqiI -113.648832
-95 31.375872 4Ewe8quqmiBcsWFum 348.492025
-54 74.913948 P6WHHAb6KT 311.057259
171 -50.811130 kIsgWaBY87U5n9O 561.163347
-18 -108.583858 btquU 141.883758
162 -57.087318 Fh3v0kNkI1FN 289.883265
14 76.646482 B 477.287299
-30 -17.956801 OyPytO3DAuJS87w0 775.930681
22 -127.269670 62LTBloZABKZtU4mU4h9M 111.811236
25 -89.341437 2RYL 678.432746
-210 -19.861930 liZ6dBxRT8wQg 133.422154
81 -125.015739 Xi 344.073210
6 -38.522172 pvIWt5YBBkB824CNJe0iWmoqDOk1C9vg -0.692310
-249 51.281239 woXU9SoZc7cqmzj7TtQP4wWEuVxyTOnVTH8BK7 148.258242
-231 -50.197983 d0FDSZ -128.835700
57 45.602284 8jcq1gjhUdOYf0eZ 374.079060
-84 -127.111130 kk14FLtXWIRdCj 222.223517
-110 67.517152 11bn3WgnX 132.991718
48 -83.959180 J5LBX7sjQbfVAsX 205.738776
103 98.093204 goj9TSMSlOYc9MTw 552.753905
178 22.375417 SwDXQ0bDwOvkOURBoIKHDe 33.048216
-92 -0.978398 4CF 188.230906
-130 -88.710533 irp 586.988813
104 -121.878739 VnzZ 10.642244
-169 57.644638 39D 174.095998
99 79.713972 jxbX 797.811407
115 -61.940571 HNIGUIuY4AZnG3Mv3Mon 68.934919
68 56.493666 vp4kPgW 369.718221
127 -127.907533 v7WDq5AtUyeV4q3vi8M 192.881427
-231 -144.855307 ffNJmv2V2B -86.285381
-222 90.778083 FIm3VWKP 436.312216
129 40.663140 MR -142.250867
146 68.665433 GuoxWRsOYNgNKpDQhQ7rTCw54UkZZVvvybE7usHH 42.742485
241 -120.555390 9o01K6FKH 658.258424
-148 7.835544 RG3Z45 320.986186
-49 -109.581447 2CzisxDC9wPv 141.262131
106 -133.480637 o7AhA09ZpYQmQU9 641.540936
235 -59.715181 rWylKQVhMb2 105.366379
214 97.601295 Rr1g9m1dN3ntASTMMyWvMdhu6jjNqojwfD0 -30.786499
235 -59.715181 mc5Hub5QyxxY3RYpFsvr 123.034946
-26 66.302703 D 245.510116
-28 -28.691036 oR 68.131172
30 97.399129 EU2Zp8 -45.761682
-210 -8.026042 nWJdzTeUftQcSfVkV1AqqPQvVSxvxE 77.101763
125 31.162608 D5Vj8oHxM56VYj5 13.128224
-237 -145.083294 D3QV2H 523.365403
45 68.522322 VPuyJszx 436.298469
-140 74.807065 oQHE 445.427801
-100 63.963327 D1ZUVBbWqV -112.314442
191 -128.141339 Xn52jaIS8wMQ8b 457.764683
-92 -103.529271 nh1CvGJJ 438.288669
228 -28.961919 cnVs3OrfrS4Rr7Up 22.153742
0 59.802840 MjvKzSz7iW2SUb5NMOFR 128.842416
-72 98.592193 t2cJ9aqacXoULS15 190.963087
-73 -116.940619 z5sqJTBfM0cOA8t -134.228003
-212 61.820842 n 111.448742
-170 23.263570 JOrkJP4CM -12.698710
-51 -109.951386 R4fC3c0sXzin 108.300245
131 -118.419045 Wpa 644.168167
-188 48.105537 1QG3V3gtu5 -110.704478
-35 66.276517 ZoZ0p7 289.517788
16 -121.345966 sT8qnqIDjjvwcmF81E 287.326584
206 77.480874 Lq5ALO9W47wdKNoR 83.718618
-20 9.716874 sNgjE40acbsk4sSLJBVIzk3EKpW4p9Bp4P 159.075724
-90 34.534206 bll8l8I9nIqDcP6Fsddo6L -20.007202
130 -73.053718 ghf4GppVS 755.729193
-72 28.817231 yfKl4AZuXq5ZPeoidn 55.637178
69 91.315999 M55wYKzL213cZeJHEtrZhBUWhpL61RK6AcDUWW 81.220127
-136 -124.521534 Jl9hbsHrSsK 554.845160
12 -28.752715 C -115.051062
-92 -0.978398 wOD45PbyqzMCJ8LJxbhZe 82.173493
-59 -58.106950 8A 48.347800
176 59.743017 yMoyeGZaL5y1 404.412959
-229 6.826628 mLJsH6XgxuQAaC4fnsX 232.744952
-90 34.534206 alxPQNaAhAkRI9Uv5nppZ 118.396378
-138 -95.885414 lui9J22pV3bY4LZS5w 383.554315
152 -5.105900 wjZa 694.238133
-249 32.098828 CUyLw8IB9IU4Je 136.213447
-46 -102.356797 oMHFXI9NtQZZ3MCV -66.729708
74 78.029910 vkrEMB3bgkyzXnrO 113.292102
18 -16.349484 Z2I38lq81nHE3x4wmARMIM 80.276744
10 42.903967 0o9Pl29 675.026119
119 -27.052677 BpPCzk2fhQYgXoXskiA 356.997899
146 68.665433 fU840DTYfZ7 -12.499876
247 62.357485 qmiIQUQ6gKua 208.234625
-198 -113.822962 51xQSPRpxrqb3Rh 215.520677
-68 93.149651 3zz9FEleDxr 463.375045
-160 -37.866443 7vMVrlsLaWVRnWUK80ls -9.351221
-89 17.985768 pbCdhu89PlWXIncA88a 331.958094
93 25.473315 Bi9TFJqck8uf 301.725815
72 -99.687620 GXLYsBXkhQj2EN -103.330139
-132 -13.237433 gHltkytOUDA8jLpyArwWm8HL8nF2z2PYvHMvY9 154.426259
132 9.769892 UKoMpLTdfw -77.558801
-47 -63.831322 Ys9kVFPCj9gF7r 574.865008
61 -114.191604 YRv 499.999469
-60 98.334828 K100mDQeeVxiV8 691.268069
-210 -8.026042 CpHcEcuYdv5wCm1 400.726747
58 59.996941 XwvxkKO3MKqog8T 480.656342
148 3.895225 QoAsVMML 771.469685
82 44.248904 wBi8 47.665444
168 93.593053 rrW -177.706309
-54 24.888375 SmdFMB3jUBza0 130.375989
-165 -87.948281 0E3zR1hY3kEolL2MaG 799.219960
115 -126.640972 72vXb6F5R 3.511169
-106 81.176600 LMf8LNAqUwryJPuxMtta -57.840263
-72 28.817231 0mVLuIDpaEz3bEqqPCnWNi 123.585118
34 -87.672027 pw2Esba 169.042482
-60 44.176637 Imchy 580.052050
32 -129.351832 gJctrp15JLUOr 568.210845
-166 -94.757177 kHeQpKds33ofGp9Dc7vG3 -23.584932
-126 -21.712175 BXUij2 408.422123
-118 -142.486966 BKelaA85Nvv 449.135504
73 -130.278551 fUKY1QXaN9CwoeR8 448.152771
69 -109.022143 wXj3bUGd1I7zOChS 487.297397
-40 13.906593 hELj7kWt 297.893151
240 -51.048494 vL61LdqSp0GOlxVCi9DduDspTZdCsgp 82.617312
-236 40.528701 wB2KjWC 15.745993
186 11.753521 0LAUCdXtUUdjzr6F0RxTI 51.469875
-131 -26.900946 Chgp -6.178105
194 62.140943 vloaNGqFWngv9l457 502.333291
-86 45.640269 HgiAqVyMt5HA4a1ivE -138.786671
25 -66.508990 J 5.434703
79 -124.188206 TkQUBt1By0MWe -153.349093
-145 2.048112 xcrGBVIESkkwu 797.335217
-53 37.284160 LeZb8 311.044163
96 -92.753626 sAxodihpxISWkcfQ 151.438492
64 -19.287045 5B2YbcHGKc260ce0KFKX 316.921041
147 33.518629 yINRVKjBqBIg 628.758833
178 22.375417 KGMbnauGUDct 154.751563
81 -55.658370 PcElyk0B 516.804020
130 76.976531 p0bN4k9MVS4XTFbe 681.205268
101 -129.521644 cSGlY1R6ODNX6OmImJkV 81.710477
-41 -25.073611 0 236.374815
107 58.029113 2C82PufjxJRrMBfy 322.866577
-158 18.018981 LhNGswvZBpH 95.453537
211 21.252614 05qmwRd4PqMaiCmG8 615.401644
-89 -42.709748 0HGjrBK2tE 782.537985
-49 -35.415333 N7x2z 260.457907
-210 -146.979491 8GHv2XD -15.586691
195 55.364746 YucdGYWIanSAAh87oVq 518.193833
36 20.879182 Xmw4 -82.603483
-68 64.896858 NeO0iGt 16.219822
-20 9.716874 fv 90.559550
-190 -92.884692 d51IwGajEFWhBWHU 61.626448
156 91.754300 I7b4 257.267229
-94 -44.326370 YY88AQsY6q7PTquaD 108.597702
-192 -43.693480 qMYIWmYsjRZpiH6tBq81V 28.897962
198 76.453769 ON8b4nJKm5lfDWb 378.412344
56 11.786002 RlBzkBtzQxshsaMo 584.952489
-169 -60.220860 nOWF 127.852118
-95 -94.478947 gM7TBODbF 724.691451
208 -74.868638 F7oDIpbsbTgIeuQbD 733.291575
-33 -91.866948 CVEnD0sCavdo 2.469859
202 -88.287294 3 238.133887
247 78.403045 Af0E -121.044530
-62 -55.995899 VjRn 76.788088
-168 -80.135976 v3SrIDnBcE 520.675234
233 94.787916 7tdg6s 34.385812
213 75.982919 J 791.123802
-35 -108.470823 sEpjr75JtjSH1fOv 55.489267
33 63.445871 sMamsDAH 58.484893
123 -121.136217 ASWlfPIWc7j2Sim 691.022021
223 -48.091201 bIoMdu 247.033354
-178 -65.464807 PjNuXUU -31.046527
-109 -42.574733 gP 252.750694
163 62.856843 yrBux -185.513549
80 40.811577 SUaioVb 475.887142
-81 -61.625804 3P -120.472498
-90 34.534206 H2KANM3pfUiiS -117.086529
-78 66.792158 ffV 487.095518
212 67.702362 0vSUS -105.027400
167 -143.671494 3NGZtvuoBA6a 12.681751
-23 54.460877 3C1a6EeYUBb 141.395234
170 -104.852806 Eh 753.089351
-239 -110.775144 iU5UB8 160.429452
-213 -16.065071 bUYwGJ4z -91.137500
-69 51.176497 UECXMhLHvabHZyOu9OgxBAAKYRya9e3YNrOdvT 31.161902
-104 62.647232 WMz3xSS4bbLluyu0rD 442.283950
153 8.074925 UwnTwRGC1RkbNplq 741.072518
-141 32.485119 L 134.996050
-188 -11.865589 fZ0FVXE3RLe11SE 99.008623
-158 -120.460142 3ZK 119.693022
242 -93.816880 Y4CQO0 658.208593
-216 -125.720118 KEHphv0VvMcIG29BTq 545.440375
-73 -68.679157 3APPYlyADuD5LiEvez18aSH 113.255446
145 30.902928 dcDd7Sj5fEZ7ToEecEGniITOaMgnmys 91.058205
-32 88.654931 GaMYvOcDORikFHN4i 11.356152
-147 -147.157396 UJuYi -39.282824
-67 -14.720083 tJxoGyOYYgsC4kXLWA4lW10GIKiStUn0pUmO6Oef -34.216403
-18 -80.539027 eV9QHtAQ0xUbgN1y 180.677539
-128 8.090343 aVzbOMPk2FHD2kzNkQR 127.743463
127 -138.856922 PaKRZm -135.402372
-144 -48.818726 B9fn7w48EYn 795.233936
13 48.762015 R6SQ9iBp5xNsigkNM 470.067150
-182 -68.956847 tpVNOS4gV -188.504685
-106 -102.804381 T6z 773.630280
-228 21.832176 5cYHp4VeZNSalBT 603.287407
98 -75.864340 QrNtYvjldbfHhFPr 469.342470
-112 -132.356834 o9tW70bJ6pNl 432.197789
-163 -105.385012 wQ4h -71.755922
-197 -145.005675 Sq5FvN 327.586470
-199 -139.716326 RkX 468.577127
213 -59.701792 RkRNPggYuJRuoq 39.232469
38 25.379037 zl 569.109863
185 -141.899206 hazPuTYPG9ixSfEeqOBzoigTxQOl6DLU1OyA9Nhw -29.475609
-78 41.435135 5unpvX2A98J83cjSC5V 23.073083
-164 -27.388091 IDNuBQ9Aj2FLu4ZIF7 425.785224
-175 -101.149273 AO31rI2oOx 470.848166
-32 21.897393 baYs3RZyut1R8 -60.862987
-22 50.946400 xe -11.899488
-69 -113.081199 fGo4PqNvZOA 480.970500
-16 -99.409614 evDBtHAHm15auS -66.933501
-211 -46.771566 j70mGzz7rvKAZQ4eM1Cwj7tpU9zmxR6 118.907681
-240 98.271730 0FPhJw 554.137747
136 -15.162383 tsWVgrWC -179.750903
-227 -75.838914 NDS1CiSitmln 578.165864
-54 24.888375 Agt 79.305724
123 -16.230418 W6hJpe 148.100690
145 30.902928 moeiqkgM -3.989934
-196 83.134525 0dRc45h 516.015612
-143 47.961883 qGEeb 406.947433
-229 -130.258970 yedGPGDDgsJh2 641.930897
-89 -115.112027 dq 280.852435
75 -14.665387 7OvwHXF 507.117690
-50 -54.229320 oc51DzPidjE 579.519666
-175 10.852030 ywB6ogshiqC6jXTW8k2Qbt9WB9pu26HuU5HvuXi 85.947977
162 -123.574371 4tA0EZQ6S01iP 649.214454
217 27.422354 rN75xA8XlD2qdxyW 639.928045
141 -91.311482 iSMs2vxY 458.454475
-60 -119.450866 1Vh2FxPad 269.589701
-39 42.467150 NlTWcO 773.902183
146 15.673170 OB7tNAk 518.907225
-171 -100.433630 ssDygdazj 444.651970
129 35.510788 vvACFxkGTQh6 765.352034
-221 -90.356074 aa1U7r6qB 558.901054
-115 -87.957796 Z1cluHae5T5o -24.834892
71 59.643847 K 10.007477
171 -50.811130 9hVqC4i2v -4.262180
27 81.398095 7tQOqcmiHFPPbCiFM 271.911243
-207 -15.302303 UI1z1 23.455073
-201 -15.822360 9Y 338.693983
127 -105.474512 gFg5bFQCCYcc4EBt 214.754611
-181 -122.297349 AAbWk73dZgEfa4Eif3b9 497.241857
-244 -138.546971 zJMgorwFh0G 202.668294
-101 51.815208 hCHNjtcbEpxB 562.867518
36 72.785420 tNHoxaStoIytXy 474.402339
227 87.662819 eSI 302.970182
-78 -74.794376 zqgWw 135.052167
-141 -97.424676 7aASUT 418.874399
208 4.671281 NE1Kz9FBcpOb0c8O2miZWBHe 146.595247
101 30.816303 7i60Pqsx 679.435659
108 69.394650 9RT32RS96ac -38.155561
-113 -37.585131 a8OPpvolaYGPD 109.940441
-187 -44.703832 sU3Jd1Qr1B81UQU 219.452323
-86 45.640269 HGbfIObQR5hdaxRZWqhRjF6buoR3ZZ9xj -1.304967
5 44.004111 6p5QC0RPzo3SH0E8LdO -26.460509
-87 73.813303 wbsAsNi 657.138468
-48 78.086872 DwzldYjirhOwz6K 411.860182
35 29.681467 EsSHe1WF 47.095438
-11 -0.341463 7ftzUu 794.541547
-90 34.534206 IZ87TCoMgzkLYiYHBcf0h 112.952916
-213 -16.065071 yRBJZcAyn 104.287492
-187 88.299244 Y 747.611032
-28 -112.713625 YjBUEKJ6X7n4 399.837663
44 -113.717658 d1 554.781428
-65 30.737197 vAqGgzATefgxMG7 -140.593181
59 -8.084937 oQKUF0iJ 12.842631
71 59.643847 rZDgAaawlhshr -123.187640
-141 -106.122034 dKygSUnI0n1GjxG 630.947591
-196 63.872344 iIDmWAfjuA -86.289941
-202 -4.894268 novepmpW 129.895082
-236 -130.630508 jHaNDdbUp9TtWTY 157.655403
178 22.375417 fx -165.260830
-97 93.537575 k2I38a7 239.743050
238 -145.412925 I78qUYuzc6maGrA5vWWYKk9uz0 45.599336
160 -76.121894 QHeSPcybzVs4VG2Yg -164.751456
-224 22.409789 OETS67WqW59 656.159240
18 -120.186637 rqFGKfpouU 266.889213
151 -87.329165 IjHcC 609.606177
109 84.634795 RLCcgQJ5yMfaduIbnjC 564.144988
-207 -15.302303 FKUhGmMwi4V2 578.812887
162 -40.291813 ofvDGoG1kFnP 691.565172
-195 17.560395 eAF748 118.412743
-57 -18.345037 1xm15LvHixfoOxs6 163.730393
-13 -138.790402 sD24bpOSHEm0gK 75.478309
-249 -18.534477 U4 -170.043561
121 99.295920 EXtpetqjKEixZUhe8BM 39.017705
231 35.240297 LSeDG9 270.137270
-30 -41.169816 WXQA4mF5RUFpCzes1lt6 -184.876954
-206 60.128758 eCKhQL 438.540191
101 -129.521644 r6sSsaBWYbSOzo0 268.803776
10 42.903967 X7Qy7O1lnRleKbR8cvSdBluU8dAO7 79.534808
-18 -80.539027 P8 108.014632
221 -147.835093 u0TLFcqo2 695.140587
-45 37.565193 3aNSC3Vnc7vVrGjJLl 30.563399
-37 -96.066871 gadG08 -59.613366
-168 -133.565316 lkgt4wl7lBzqX -185.029030
-63 -121.495682 pRhaQiTxe3rLqM 139.778312
-139 89.914216 TAT 186.921627
214 97.601295 v2OgxuHpgcsk -186.370039
-201 -25.218976 Egs0LOWJiBqCTMTa3E7R 213.461075
-75 89.605544 pOgnKZGvy -2.602922
157 28.781421 pJs2eSWqUU6RB8kxKTS8op1o 65.850930
-163 63.313335 0WCxXIVQP 26.004442
19 -99.944432 e3iOq2U1WMJI 487.412291
-211 -46.771566 bSRaw3oi 142.561272
163 -134.359915 7agwDp8 406.010010
53 16.568546 cKxCXWcIaY 109.846299
191 49.725372 q7my 541.299699
110 -132.224920 RjOhiR1WfL1 -198.474782
-87 -50.709664 uiGMBwVlQce7el -64.843918
235 -59.715181 HBk2nB0fiVpTU 246.592619
-27 -55.405856 DOT3OS0bLcopfQ 130.500878
216 -143.587238 wCcMzS3 598.560979
-17 -144.249497 eEjhqdG8zHndtstsCSoK 670.429330
178 -46.074798 htz 238.946395
-61 -76.445914 S2YiRnG 299.864400
-127 67.463598 6jM3AtmxzFsH15lMyG 733.593449
232 -144.873563 biQ 6.360952
106 -66.264851 IBDxFqx1zdS2ED3w 155.652230
29 -4.032496 lCIC 257.686171
22 -26.197102 ekyj 723.534680
91 9.659854 CUSYHClb1A 81.094527
175 -58.904389 WXMOOzKO18mltOI5 764.481807
-117 -136.078363 LxM 202.957374
206 77.480874 me58Fg4HMzXxe3q 122.137553
-194 -92.095706 X0tHOreZoEaJlyFHgjLGn72NST7gmx 1.572977
-80 -120.435418 h49rcl7kvUMd 371.965181
141 -14.593050 Tm7rafOfEishJaTxoH 17.483042
236 6.226031 QIfPJqdw 416.872388
15 -79.497717 jzOXbvb5jYu7RWIAWAad 708.687396
179 -95.845925 ss4mFt 198.870588
-182 -144.733244 BeipeoOL 435.095773
-204 39.244350 PXr8Oy4QNiR 382.244208
-146 -27.266552 onTbr 121.567326
-194 -18.802570 mzKxZeN05 168.686435
-81 75.258980 C8Zn 652.575980
60 -58.278382 p -95.925930
83 -103.559194 TUwc5lQEwodXOTfrd -7.714196
-28 -145.196116 rEe7ZrxJ1zi 404.721445
-183 40.229232 diEkNX1UH619XJEzEJI6 128.049776
169 38.179864 gES5FCaQoVFeShVth -117.654490
-156 53.872103 84x41 595.876881
-208 -7.025638 EujQ3KxnfpjdUgq 316.974991
98 69.590998 dxhA 359.422217
-81 -148.855168 2WfLaH0n 764.412761
-6 -103.591649 XoKiA7JAja1WJbIV2Kix 118.556557
81 -94.046533 tcY8MRppHMDgGlr 231.760316
202 -88.287294 JB8hbI1IzVn3C0i4clB 137.154838
-246 -78.268886 KY 326.429022
-127 -147.445661 zimuAf1eBiObO 310.961686
96 99.565332 t93OQ81 -24.921274
69 91.315999 N3RQefrnWRQRxY 528.446512
-66 17.904259 cITotbEe6TtQ6 -184.556622
-143 -110.118107 9XffWi 689.133413
198 76.453769 kCdK4WOnR0kqGVFXPUGe1RKzOrF8 -24.500180
8 -31.037145 NU4cbGmenV2 732.790457
144 37.993775 0EcbQSXArm96Az -29.774777
-163 63.313335 mIcTNDjxLCJnHmj3Txu2L8W -22.773916
-217 -12.682192 H906NB9JhdscpkxZ 102.621190
-109 -141.977319 ukvm8GrS 665.737062
159 0.437597 yXZEgp6YYWwIfw1 -113.947381
-247 71.483297 L 458.865473
95 -114.484598 LoHprA8rzpnfqsTY9bDKLN4gaRzgc 51.194467
-85 -0.548665 lJBztfdcTlSrfl3iJGyW 117.164137
-237 -73.597847 7A1yogE7WR0EBh3 735.739707
-78 -74.794376 bAXcnrt5oTP3PEJ 180.441559
-179 -25.982354 B 76.432911
217 26.028597 WMthkqloACQutD0F 291.288866
-97 -100.967040 ecTzK0Fxa 347.387548
-52 71.405739 4aIOIq 63.079094
124 76.262756 1iuykDUrcUEh 86.028715
227 82.767773 PNybA3rfGClaxNHe12Kv 115.446986
222 -23.887079 5rhFjhVIt 288.828260
125 31.162608 2D81aLCv4zet2JKnNDJ -5.874951
-116 -45.132852 y3JwluLeq 673.079417
158 -3.541743 Rg9XKUFr4iM5jwGP -69.135499
44 83.176054 nNa9aJHv 33.572622
-220 -73.307919 i77Zvmfblg7JHEhYfgN 617.235145
-62 -24.245949 scAW0TKwJDuhsg7YKOl -123.633387
-195 17.560395 OqehHbOFIHIwzrMMGG2INcxe0RfKF6AI 81.795890
-238 65.889179 BaIo0hO5TBHz 498.546772
1 40.100198 Zts 695.828485
41 -145.417343 B6WaKV6xd7kKSkbDzg 585.924327
238 -33.522416 pQJN0iwDIVnhXc0lJVgD 295.448600
167 -125.379860 bJ 550.060108
172 45.368664 ipYV5dD8DSG 630.765176
-229 -143.133062 KQqdAj3PFkApsl7FxkF 617.090888
61 -71.495679 Sv1MDC2JSg7SYsBLJUtZ 257.352426
238 -145.412925 86 81.040302
-67 -14.720083 7hsnoLUSDD 661.682894
-96 54.801701 OCNtHDlXYFP 317.401810
-168 -121.293192 kxawn 23.106893
80 -46.552654 9EPh8BSZBntHHbg 757.102147
-52 88.546850 syKcITmTR -81.122885
68 -35.098732 Elc4PAGAjbdeF9 286.009125
223 -72.822936 v0R 59.484747
178 85.576286 xw69iEPEFj84 108.607806
90 39.082160 piYBQEIYInORzvCoXF 200.917236
-234 47.869388 tXeqPG7UlglrvOy8rPYZ 354.514493
-197 -114.780558 KnEa4vsFC9MFOUzPzXfXO 26.442831
74 45.629465 myBipENPtAyTdz3VcNv3 -77.097105
-169 -92.940841 Hodh2aP -172.729912
-115 -30.080443 qPDjZxw 726.334653
191 49.725372 nLkfHy0xuIB3lH 71.403865
158 -101.775748 7J 71.724215
170 35.709291 Gqx1Y4qBYB 271.361441
-183 25.827958 meOXqF02qE 130.422595
83 -142.565465 vv9X3 738.331877
-118 -75.553366 N1hE8pCNAPt3yU0iX3bgAMX 41.176591
-10 -48.530661 k4vhyhAle 26.559064
96 -92.753626 hLzpXXydpe -33.291995
67 -25.466014 yGesMtEvCBjQNEYGzf -171.630353
-44 81.223081 XLxCemUa82XWag 615.868317
191 -130.010209 wEtlNn5 605.113799
64 -146.186009 5Mmqh1I 77.628185
-179 82.707496 f2684 387.358913
39 -109.253520 e 68.610013
-229 -37.650738 j 7.775401
99 79.134206 wzKJ3TB -92.035472
-156 31.005211 C3kSsZvDzBupzJqkSoEa 576.791309
-238 -72.053657 HXALPwgmnJls8U5H883K 784.291753
64 -32.898539 4wU2uHAToD4X 1.315812
-200 -70.193667 aAgRG85eH8NOgwoC 459.440649
-18 -108.583858 6eBWzJPaUDmzllRRJ 139.603673
-117 15.840654 iG2sA50wOTwPLUNl2x 511.277709
-63 -121.495682 VFR6HQOreP2TJ8 750.848609
201 9.553461 LWx8lkD6jbUD3JHD 407.575141
8 -40.052492 37SNpKldmnk1r 439.013376
-170 -76.964709 NeJftcat 789.155660
23 97.299789 YDIUb2 492.331189
228 -33.963617 NZ8uY6OdEY 253.160859
-72 90.560930 bAhASJqr6pSnI 746.107937
208 -7.989205 Ioij 114.122789
-217 35.969883 hRBkC6VI 719.022025
114 62.169308 Rym 458.221332
175 -58.904389 sJWgpm3Xwq7M1k 62.948797